[
    [
        000, 001, 003, 002, 006, 007, 005, 004, 012, 013, 015, 014, 010, 011, 009, 008, 128, 130, 134, 132, 140, 142, 138, 136, 137, 139, 143, 141, 133, 135, 131, 129, 
        144, 146, 150, 148, 156, 158, 154, 152, 153, 155, 159, 157, 149, 151, 147, 145, 025, 029, 021, 017, 016, 020, 028, 024, 026, 030, 022, 018, 019, 023, 031, 027, 
        057, 061, 053, 049, 048, 052, 060, 056, 058, 062, 054, 050, 051, 055, 063, 059, 179, 177, 181, 183, 191, 189, 185, 187, 186, 184, 188, 190, 182, 180, 176, 178, 
        163, 161, 165, 167, 175, 173, 169, 171, 170, 168, 172, 174, 166, 164, 160, 162, 042, 034, 035, 043, 041, 033, 032, 040, 044, 036, 037, 045, 047, 039, 038, 046, 
        106, 098, 099, 107, 105, 097, 096, 104, 108, 100, 101, 109, 111, 103, 102, 110, 230, 228, 224, 226, 234, 232, 236, 238, 239, 237, 233, 235, 227, 225, 229, 231, 
        246, 244, 240, 242, 250, 248, 252, 254, 255, 253, 249, 251, 243, 241, 245, 247, 127, 123, 115, 119, 118, 114, 122, 126, 124, 120, 112, 116, 117, 113, 121, 125, 
        095, 091, 083, 087, 086, 082, 090, 094, 092, 088, 080, 084, 085, 081, 089, 093, 213, 215, 211, 209, 217, 219, 223, 221, 220, 222, 218, 216, 208, 210, 214, 212, 
        197, 199, 195, 193, 201, 203, 207, 205, 204, 206, 202, 200, 192, 194, 198, 196, 076, 077, 079, 078, 074, 075, 073, 072, 064, 065, 067, 066, 070, 071, 069, 068, 
    ],
    [
        000, 008, 009, 001, 003, 011, 010, 002, 006, 014, 015, 007, 005, 013, 012, 004, 064, 065, 067, 066, 070, 071, 069, 068, 076, 077, 079, 078, 074, 075, 073, 072, 
        192, 193, 195, 194, 198, 199, 197, 196, 204, 205, 207, 206, 202, 203, 201, 200, 140, 142, 138, 136, 128, 130, 134, 132, 133, 135, 131, 129, 137, 139, 143, 141, 
        156, 158, 154, 152, 144, 146, 150, 148, 149, 151, 147, 145, 153, 155, 159, 157, 217, 216, 218, 219, 223, 222, 220, 221, 213, 212, 214, 215, 211, 210, 208, 209, 
        089, 088, 090, 091, 095, 094, 092, 093, 085, 084, 086, 087, 083, 082, 080, 081, 021, 017, 025, 029, 028, 024, 016, 020, 022, 018, 026, 030, 031, 027, 019, 023, 
        053, 049, 057, 061, 060, 056, 048, 052, 054, 050, 058, 062, 063, 059, 051, 055, 115, 114, 112, 113, 117, 116, 118, 119, 127, 126, 124, 125, 121, 120, 122, 123, 
        243, 242, 240, 241, 245, 244, 246, 247, 255, 254, 252, 253, 249, 248, 250, 251, 191, 189, 185, 187, 179, 177, 181, 183, 182, 180, 176, 178, 186, 184, 188, 190, 
        175, 173, 169, 171, 163, 161, 165, 167, 166, 164, 160, 162, 170, 168, 172, 174, 234, 235, 233, 232, 236, 237, 239, 238, 230, 231, 229, 228, 224, 225, 227, 226, 
        106, 107, 105, 104, 108, 109, 111, 110, 102, 103, 101, 100, 096, 097, 099, 098, 038, 046, 047, 039, 037, 045, 044, 036, 032, 040, 041, 033, 035, 043, 042, 034, 
    ],
    [
        000, 004, 012, 008, 009, 013, 005, 001, 003, 007, 015, 011, 010, 014, 006, 002, 032, 040, 041, 033, 035, 043, 042, 034, 038, 046, 047, 039, 037, 045, 044, 036, 
        096, 104, 105, 097, 099, 107, 106, 098, 102, 110, 111, 103, 101, 109, 108, 100, 070, 071, 069, 068, 064, 065, 067, 066, 074, 075, 073, 072, 076, 077, 079, 078, 
        198, 199, 197, 196, 192, 193, 195, 194, 202, 203, 201, 200, 204, 205, 207, 206, 236, 228, 229, 237, 239, 231, 230, 238, 234, 226, 227, 235, 233, 225, 224, 232, 
        172, 164, 165, 173, 175, 167, 166, 174, 170, 162, 163, 171, 169, 161, 160, 168, 138, 136, 140, 142, 134, 132, 128, 130, 131, 129, 133, 135, 143, 141, 137, 139, 
        154, 152, 156, 158, 150, 148, 144, 146, 147, 145, 149, 151, 159, 157, 153, 155, 185, 177, 176, 184, 186, 178, 179, 187, 191, 183, 182, 190, 188, 180, 181, 189, 
        249, 241, 240, 248, 250, 242, 243, 251, 255, 247, 246, 254, 252, 244, 245, 253, 223, 222, 220, 221, 217, 216, 218, 219, 211, 210, 208, 209, 213, 212, 214, 215, 
        095, 094, 092, 093, 089, 088, 090, 091, 083, 082, 080, 081, 085, 084, 086, 087, 117, 125, 124, 116, 118, 126, 127, 119, 115, 123, 122, 114, 112, 120, 121, 113, 
        053, 061, 060, 052, 054, 062, 063, 055, 051, 059, 058, 050, 048, 056, 057, 049, 019, 023, 031, 027, 026, 030, 022, 018, 016, 020, 028, 024, 025, 029, 021, 017, 
    ],
    [
        000, 002, 006, 004, 012, 014, 010, 008, 009, 011, 015, 013, 005, 007, 003, 001, 016, 020, 028, 024, 025, 029, 021, 017, 019, 023, 031, 027, 026, 030, 022, 018, 
        048, 052, 060, 056, 057, 061, 053, 049, 051, 055, 063, 059, 058, 062, 054, 050, 035, 043, 042, 034, 032, 040, 041, 033, 037, 045, 044, 036, 038, 046, 047, 039, 
        099, 107, 106, 098, 096, 104, 105, 097, 101, 109, 108, 100, 102, 110, 111, 103, 118, 114, 122, 126, 127, 123, 115, 119, 117, 113, 121, 125, 124, 120, 112, 116, 
        086, 082, 090, 094, 095, 091, 083, 087, 085, 081, 089, 093, 092, 088, 080, 084, 069, 068, 070, 071, 067, 066, 064, 065, 073, 072, 074, 075, 079, 078, 076, 077, 
        197, 196, 198, 199, 195, 194, 192, 193, 201, 200, 202, 203, 207, 206, 204, 205, 220, 216, 208, 212, 213, 209, 217, 221, 223, 219, 211, 215, 214, 210, 218, 222, 
        252, 248, 240, 244, 245, 241, 249, 253, 255, 251, 243, 247, 246, 242, 250, 254, 239, 231, 230, 238, 236, 228, 229, 237, 233, 225, 224, 232, 234, 226, 227, 235, 
        175, 167, 166, 174, 172, 164, 165, 173, 169, 161, 160, 168, 170, 162, 163, 171, 186, 190, 182, 178, 179, 183, 191, 187, 185, 189, 181, 177, 176, 180, 188, 184, 
        154, 158, 150, 146, 147, 151, 159, 155, 153, 157, 149, 145, 144, 148, 156, 152, 137, 139, 143, 141, 133, 135, 131, 129, 128, 130, 134, 132, 140, 142, 138, 136, 
    ],
    [
        051, 050, 048, 049, 053, 052, 054, 055, 063, 062, 060, 061, 057, 056, 058, 059, 179, 177, 181, 183, 191, 189, 185, 187, 186, 184, 188, 190, 182, 180, 176, 178, 
        163, 161, 165, 167, 175, 173, 169, 171, 170, 168, 172, 174, 166, 164, 160, 162, 042, 046, 038, 034, 035, 039, 047, 043, 041, 045, 037, 033, 032, 036, 044, 040, 
        010, 014, 006, 002, 003, 007, 015, 011, 009, 013, 005, 001, 000, 004, 012, 008, 128, 130, 134, 132, 140, 142, 138, 136, 137, 139, 143, 141, 133, 135, 131, 129, 
        144, 146, 150, 148, 156, 158, 154, 152, 153, 155, 159, 157, 149, 151, 147, 145, 025, 017, 016, 024, 026, 018, 019, 027, 031, 023, 022, 030, 028, 020, 021, 029, 
        089, 081, 080, 088, 090, 082, 083, 091, 095, 087, 086, 094, 092, 084, 085, 093, 213, 215, 211, 209, 217, 219, 223, 221, 220, 222, 218, 216, 208, 210, 214, 212, 
        197, 199, 195, 193, 201, 203, 207, 205, 204, 206, 202, 200, 192, 194, 198, 196, 076, 072, 064, 068, 069, 065, 073, 077, 079, 075, 067, 071, 070, 066, 074, 078, 
        108, 104, 096, 100, 101, 097, 105, 109, 111, 107, 099, 103, 102, 098, 106, 110, 230, 228, 224, 226, 234, 232, 236, 238, 239, 237, 233, 235, 227, 225, 229, 231, 
        246, 244, 240, 242, 250, 248, 252, 254, 255, 253, 249, 251, 243, 241, 245, 247, 127, 126, 124, 125, 121, 120, 122, 123, 115, 114, 112, 113, 117, 116, 118, 119, 
    ],
    [
        051, 059, 058, 050, 048, 056, 057, 049, 053, 061, 060, 052, 054, 062, 063, 055, 115, 114, 112, 113, 117, 116, 118, 119, 127, 126, 124, 125, 121, 120, 122, 123, 
        243, 242, 240, 241, 245, 244, 246, 247, 255, 254, 252, 253, 249, 248, 250, 251, 191, 189, 185, 187, 179, 177, 181, 183, 182, 180, 176, 178, 186, 184, 188, 190, 
        175, 173, 169, 171, 163, 161, 165, 167, 166, 164, 160, 162, 170, 168, 172, 174, 234, 235, 233, 232, 236, 237, 239, 238, 230, 231, 229, 228, 224, 225, 227, 226, 
        106, 107, 105, 104, 108, 109, 111, 110, 102, 103, 101, 100, 096, 097, 099, 098, 038, 034, 042, 046, 047, 043, 035, 039, 037, 033, 041, 045, 044, 040, 032, 036, 
        006, 002, 010, 014, 015, 011, 003, 007, 005, 001, 009, 013, 012, 008, 000, 004, 064, 065, 067, 066, 070, 071, 069, 068, 076, 077, 079, 078, 074, 075, 073, 072, 
        192, 193, 195, 194, 198, 199, 197, 196, 204, 205, 207, 206, 202, 203, 201, 200, 140, 142, 138, 136, 128, 130, 134, 132, 133, 135, 131, 129, 137, 139, 143, 141, 
        156, 158, 154, 152, 144, 146, 150, 148, 149, 151, 147, 145, 153, 155, 159, 157, 217, 216, 218, 219, 223, 222, 220, 221, 213, 212, 214, 215, 211, 210, 208, 209, 
        089, 088, 090, 091, 095, 094, 092, 093, 085, 084, 086, 087, 083, 082, 080, 081, 021, 029, 028, 020, 022, 030, 031, 023, 019, 027, 026, 018, 016, 024, 025, 017, 
    ],
    [
        051, 055, 063, 059, 058, 062, 054, 050, 048, 052, 060, 056, 057, 061, 053, 049, 019, 027, 026, 018, 016, 024, 025, 017, 021, 029, 028, 020, 022, 030, 031, 023, 
        083, 091, 090, 082, 080, 088, 089, 081, 085, 093, 092, 084, 086, 094, 095, 087, 117, 116, 118, 119, 115, 114, 112, 113, 121, 120, 122, 123, 127, 126, 124, 125, 
        245, 244, 246, 247, 243, 242, 240, 241, 249, 248, 250, 251, 255, 254, 252, 253, 223, 215, 214, 222, 220, 212, 213, 221, 217, 209, 208, 216, 218, 210, 211, 219, 
        159, 151, 150, 158, 156, 148, 149, 157, 153, 145, 144, 152, 154, 146, 147, 155, 185, 187, 191, 189, 181, 183, 179, 177, 176, 178, 182, 180, 188, 190, 186, 184, 
        169, 171, 175, 173, 165, 167, 163, 161, 160, 162, 166, 164, 172, 174, 170, 168, 138, 130, 131, 139, 137, 129, 128, 136, 140, 132, 133, 141, 143, 135, 134, 142, 
        202, 194, 195, 203, 201, 193, 192, 200, 204, 196, 197, 205, 207, 199, 198, 206, 236, 237, 239, 238, 234, 235, 233, 232, 224, 225, 227, 226, 230, 231, 229, 228, 
        108, 109, 111, 110, 106, 107, 105, 104, 096, 097, 099, 098, 102, 103, 101, 100, 070, 078, 079, 071, 069, 077, 076, 068, 064, 072, 073, 065, 067, 075, 074, 066, 
        006, 014, 015, 007, 005, 013, 012, 004, 000, 008, 009, 001, 003, 011, 010, 002, 032, 036, 044, 040, 041, 045, 037, 033, 035, 039, 047, 043, 042, 046, 038, 034, 
    ],
    [
        051, 049, 053, 055, 063, 061, 057, 059, 058, 056, 060, 062, 054, 052, 048, 050, 035, 039, 047, 043, 042, 046, 038, 034, 032, 036, 044, 040, 041, 045, 037, 033, 
        003, 007, 015, 011, 010, 014, 006, 002, 000, 004, 012, 008, 009, 013, 005, 001, 016, 024, 025, 017, 019, 027, 026, 018, 022, 030, 031, 023, 021, 029, 028, 020, 
        080, 088, 089, 081, 083, 091, 090, 082, 086, 094, 095, 087, 085, 093, 092, 084, 069, 065, 073, 077, 076, 072, 064, 068, 070, 066, 074, 078, 079, 075, 067, 071, 
        101, 097, 105, 109, 108, 104, 096, 100, 102, 098, 106, 110, 111, 107, 099, 103, 118, 119, 117, 116, 112, 113, 115, 114, 122, 123, 121, 120, 124, 125, 127, 126, 
        246, 247, 245, 244, 240, 241, 243, 242, 250, 251, 249, 248, 252, 253, 255, 254, 239, 235, 227, 231, 230, 226, 234, 238, 236, 232, 224, 228, 229, 225, 233, 237, 
        207, 203, 195, 199, 198, 194, 202, 206, 204, 200, 192, 196, 197, 193, 201, 205, 220, 212, 213, 221, 223, 215, 214, 222, 218, 210, 211, 219, 217, 209, 208, 216, 
        156, 148, 149, 157, 159, 151, 150, 158, 154, 146, 147, 155, 153, 145, 144, 152, 137, 141, 133, 129, 128, 132, 140, 136, 138, 142, 134, 130, 131, 135, 143, 139, 
        169, 173, 165, 161, 160, 164, 172, 168, 170, 174, 166, 162, 163, 167, 175, 171, 186, 184, 188, 190, 182, 180, 176, 178, 179, 177, 181, 183, 191, 189, 185, 187, 
    ],
    [
        102, 103, 101, 100, 096, 097, 099, 098, 106, 107, 105, 104, 108, 109, 111, 110, 230, 228, 224, 226, 234, 232, 236, 238, 239, 237, 233, 235, 227, 225, 229, 231, 
        246, 244, 240, 242, 250, 248, 252, 254, 255, 253, 249, 251, 243, 241, 245, 247, 127, 123, 115, 119, 118, 114, 122, 126, 124, 120, 112, 116, 117, 113, 121, 125, 
        095, 091, 083, 087, 086, 082, 090, 094, 092, 088, 080, 084, 085, 081, 089, 093, 213, 215, 211, 209, 217, 219, 223, 221, 220, 222, 218, 216, 208, 210, 214, 212, 
        197, 199, 195, 193, 201, 203, 207, 205, 204, 206, 202, 200, 192, 194, 198, 196, 076, 068, 069, 077, 079, 071, 070, 078, 074, 066, 067, 075, 073, 065, 064, 072, 
        012, 004, 005, 013, 015, 007, 006, 014, 010, 002, 003, 011, 009, 001, 000, 008, 128, 130, 134, 132, 140, 142, 138, 136, 137, 139, 143, 141, 133, 135, 131, 129, 
        144, 146, 150, 148, 156, 158, 154, 152, 153, 155, 159, 157, 149, 151, 147, 145, 025, 029, 021, 017, 016, 020, 028, 024, 026, 030, 022, 018, 019, 023, 031, 027, 
        057, 061, 053, 049, 048, 052, 060, 056, 058, 062, 054, 050, 051, 055, 063, 059, 179, 177, 181, 183, 191, 189, 185, 187, 186, 184, 188, 190, 182, 180, 176, 178, 
        163, 161, 165, 167, 175, 173, 169, 171, 170, 168, 172, 174, 166, 164, 160, 162, 042, 043, 041, 040, 044, 045, 047, 046, 038, 039, 037, 036, 032, 033, 035, 034, 
    ],
    [
        102, 110, 111, 103, 101, 109, 108, 100, 096, 104, 105, 097, 099, 107, 106, 098, 038, 039, 037, 036, 032, 033, 035, 034, 042, 043, 041, 040, 044, 045, 047, 046, 
        166, 167, 165, 164, 160, 161, 163, 162, 170, 171, 169, 168, 172, 173, 175, 174, 234, 232, 236, 238, 230, 228, 224, 226, 227, 225, 229, 231, 239, 237, 233, 235, 
        250, 248, 252, 254, 246, 244, 240, 242, 243, 241, 245, 247, 255, 253, 249, 251, 191, 190, 188, 189, 185, 184, 186, 187, 179, 178, 176, 177, 181, 180, 182, 183, 
        063, 062, 060, 061, 057, 056, 058, 059, 051, 050, 048, 049, 053, 052, 054, 055, 115, 119, 127, 123, 122, 126, 118, 114, 112, 116, 124, 120, 121, 125, 117, 113, 
        083, 087, 095, 091, 090, 094, 086, 082, 080, 084, 092, 088, 089, 093, 085, 081, 021, 020, 022, 023, 019, 018, 016, 017, 025, 024, 026, 027, 031, 030, 028, 029, 
        149, 148, 150, 151, 147, 146, 144, 145, 153, 152, 154, 155, 159, 158, 156, 157, 217, 219, 223, 221, 213, 215, 211, 209, 208, 210, 214, 212, 220, 222, 218, 216, 
        201, 203, 207, 205, 197, 199, 195, 193, 192, 194, 198, 196, 204, 206, 202, 200, 140, 141, 143, 142, 138, 139, 137, 136, 128, 129, 131, 130, 134, 135, 133, 132, 
        012, 013, 015, 014, 010, 011, 009, 008, 000, 001, 003, 002, 006, 007, 005, 004, 064, 072, 073, 065, 067, 075, 074, 066, 070, 078, 079, 071, 069, 077, 076, 068, 
    ],
    [
        102, 098, 106, 110, 111, 107, 099, 103, 101, 097, 105, 109, 108, 104, 096, 100, 070, 078, 079, 071, 069, 077, 076, 068, 064, 072, 073, 065, 067, 075, 074, 066, 
        006, 014, 015, 007, 005, 013, 012, 004, 000, 008, 009, 001, 003, 011, 010, 002, 032, 033, 035, 034, 038, 039, 037, 036, 044, 045, 047, 046, 042, 043, 041, 040, 
        160, 161, 163, 162, 166, 167, 165, 164, 172, 173, 175, 174, 170, 171, 169, 168, 138, 130, 131, 139, 137, 129, 128, 136, 140, 132, 133, 141, 143, 135, 134, 142, 
        202, 194, 195, 203, 201, 193, 192, 200, 204, 196, 197, 205, 207, 199, 198, 206, 236, 238, 234, 232, 224, 226, 230, 228, 229, 231, 227, 225, 233, 235, 239, 237, 
        252, 254, 250, 248, 240, 242, 246, 244, 245, 247, 243, 241, 249, 251, 255, 253, 223, 215, 214, 222, 220, 212, 213, 221, 217, 209, 208, 216, 218, 210, 211, 219, 
        159, 151, 150, 158, 156, 148, 149, 157, 153, 145, 144, 152, 154, 146, 147, 155, 185, 184, 186, 187, 191, 190, 188, 189, 181, 180, 182, 183, 179, 178, 176, 177, 
        057, 056, 058, 059, 063, 062, 060, 061, 053, 052, 054, 055, 051, 050, 048, 049, 019, 027, 026, 018, 016, 024, 025, 017, 021, 029, 028, 020, 022, 030, 031, 023, 
        083, 091, 090, 082, 080, 088, 089, 081, 085, 093, 092, 084, 086, 094, 095, 087, 117, 113, 121, 125, 124, 120, 112, 116, 118, 114, 122, 126, 127, 123, 115, 119, 
    ],
    [
        102, 100, 096, 098, 106, 104, 108, 110, 111, 109, 105, 107, 099, 097, 101, 103, 118, 114, 122, 126, 127, 123, 115, 119, 117, 113, 121, 125, 124, 120, 112, 116, 
        086, 082, 090, 094, 095, 091, 083, 087, 085, 081, 089, 093, 092, 088, 080, 084, 069, 077, 076, 068, 070, 078, 079, 071, 067, 075, 074, 066, 064, 072, 073, 065, 
        005, 013, 012, 004, 006, 014, 015, 007, 003, 011, 010, 002, 000, 008, 009, 001, 016, 020, 028, 024, 025, 029, 021, 017, 019, 023, 031, 027, 026, 030, 022, 018, 
        048, 052, 060, 056, 057, 061, 053, 049, 051, 055, 063, 059, 058, 062, 054, 050, 035, 034, 032, 033, 037, 036, 038, 039, 047, 046, 044, 045, 041, 040, 042, 043, 
        163, 162, 160, 161, 165, 164, 166, 167, 175, 174, 172, 173, 169, 168, 170, 171, 186, 190, 182, 178, 179, 183, 191, 187, 185, 189, 181, 177, 176, 180, 188, 184, 
        154, 158, 150, 146, 147, 151, 159, 155, 153, 157, 149, 145, 144, 148, 156, 152, 137, 129, 128, 136, 138, 130, 131, 139, 143, 135, 134, 142, 140, 132, 133, 141, 
        201, 193, 192, 200, 202, 194, 195, 203, 207, 199, 198, 206, 204, 196, 197, 205, 220, 216, 208, 212, 213, 209, 217, 221, 223, 219, 211, 215, 214, 210, 218, 222, 
        252, 248, 240, 244, 245, 241, 249, 253, 255, 251, 243, 247, 246, 242, 250, 254, 239, 237, 233, 235, 227, 225, 229, 231, 230, 228, 224, 226, 234, 232, 236, 238, 
    ],
    [
        085, 084, 086, 087, 083, 082, 080, 081, 089, 088, 090, 091, 095, 094, 092, 093, 213, 215, 211, 209, 217, 219, 223, 221, 220, 222, 218, 216, 208, 210, 214, 212, 
        197, 199, 195, 193, 201, 203, 207, 205, 204, 206, 202, 200, 192, 194, 198, 196, 076, 072, 064, 068, 069, 065, 073, 077, 079, 075, 067, 071, 070, 066, 074, 078, 
        108, 104, 096, 100, 101, 097, 105, 109, 111, 107, 099, 103, 102, 098, 106, 110, 230, 228, 224, 226, 234, 232, 236, 238, 239, 237, 233, 235, 227, 225, 229, 231, 
        246, 244, 240, 242, 250, 248, 252, 254, 255, 253, 249, 251, 243, 241, 245, 247, 127, 119, 118, 126, 124, 116, 117, 125, 121, 113, 112, 120, 122, 114, 115, 123, 
        063, 055, 054, 062, 060, 052, 053, 061, 057, 049, 048, 056, 058, 050, 051, 059, 179, 177, 181, 183, 191, 189, 185, 187, 186, 184, 188, 190, 182, 180, 176, 178, 
        163, 161, 165, 167, 175, 173, 169, 171, 170, 168, 172, 174, 166, 164, 160, 162, 042, 046, 038, 034, 035, 039, 047, 043, 041, 045, 037, 033, 032, 036, 044, 040, 
        010, 014, 006, 002, 003, 007, 015, 011, 009, 013, 005, 001, 000, 004, 012, 008, 128, 130, 134, 132, 140, 142, 138, 136, 137, 139, 143, 141, 133, 135, 131, 129, 
        144, 146, 150, 148, 156, 158, 154, 152, 153, 155, 159, 157, 149, 151, 147, 145, 025, 024, 026, 027, 031, 030, 028, 029, 021, 020, 022, 023, 019, 018, 016, 017, 
    ],
    [
        085, 093, 092, 084, 086, 094, 095, 087, 083, 091, 090, 082, 080, 088, 089, 081, 021, 020, 022, 023, 019, 018, 016, 017, 025, 024, 026, 027, 031, 030, 028, 029, 
        149, 148, 150, 151, 147, 146, 144, 145, 153, 152, 154, 155, 159, 158, 156, 157, 217, 219, 223, 221, 213, 215, 211, 209, 208, 210, 214, 212, 220, 222, 218, 216, 
        201, 203, 207, 205, 197, 199, 195, 193, 192, 194, 198, 196, 204, 206, 202, 200, 140, 141, 143, 142, 138, 139, 137, 136, 128, 129, 131, 130, 134, 135, 133, 132, 
        012, 013, 015, 014, 010, 011, 009, 008, 000, 001, 003, 002, 006, 007, 005, 004, 064, 068, 076, 072, 073, 077, 069, 065, 067, 071, 079, 075, 074, 078, 070, 066, 
        096, 100, 108, 104, 105, 109, 101, 097, 099, 103, 111, 107, 106, 110, 102, 098, 038, 039, 037, 036, 032, 033, 035, 034, 042, 043, 041, 040, 044, 045, 047, 046, 
        166, 167, 165, 164, 160, 161, 163, 162, 170, 171, 169, 168, 172, 173, 175, 174, 234, 232, 236, 238, 230, 228, 224, 226, 227, 225, 229, 231, 239, 237, 233, 235, 
        250, 248, 252, 254, 246, 244, 240, 242, 243, 241, 245, 247, 255, 253, 249, 251, 191, 190, 188, 189, 185, 184, 186, 187, 179, 178, 176, 177, 181, 180, 182, 183, 
        063, 062, 060, 061, 057, 056, 058, 059, 051, 050, 048, 049, 053, 052, 054, 055, 115, 123, 122, 114, 112, 120, 121, 113, 117, 125, 124, 116, 118, 126, 127, 119, 
    ],
    [
        085, 081, 089, 093, 092, 088, 080, 084, 086, 082, 090, 094, 095, 091, 083, 087, 117, 125, 124, 116, 118, 126, 127, 119, 115, 123, 122, 114, 112, 120, 121, 113, 
        053, 061, 060, 052, 054, 062, 063, 055, 051, 059, 058, 050, 048, 056, 057, 049, 019, 018, 016, 017, 021, 020, 022, 023, 031, 030, 028, 029, 025, 024, 026, 027, 
        147, 146, 144, 145, 149, 148, 150, 151, 159, 158, 156, 157, 153, 152, 154, 155, 185, 177, 176, 184, 186, 178, 179, 187, 191, 183, 182, 190, 188, 180, 181, 189, 
        249, 241, 240, 248, 250, 242, 243, 251, 255, 247, 246, 254, 252, 244, 245, 253, 223, 221, 217, 219, 211, 209, 213, 215, 214, 212, 208, 210, 218, 216, 220, 222, 
        207, 205, 201, 203, 195, 193, 197, 199, 198, 196, 192, 194, 202, 200, 204, 206, 236, 228, 229, 237, 239, 231, 230, 238, 234, 226, 227, 235, 233, 225, 224, 232, 
        172, 164, 165, 173, 175, 167, 166, 174, 170, 162, 163, 171, 169, 161, 160, 168, 138, 139, 137, 136, 140, 141, 143, 142, 134, 135, 133, 132, 128, 129, 131, 130, 
        010, 011, 009, 008, 012, 013, 015, 014, 006, 007, 005, 004, 000, 001, 003, 002, 032, 040, 041, 033, 035, 043, 042, 034, 038, 046, 047, 039, 037, 045, 044, 036, 
        096, 104, 105, 097, 099, 107, 106, 098, 102, 110, 111, 103, 101, 109, 108, 100, 070, 066, 074, 078, 079, 075, 067, 071, 069, 065, 073, 077, 076, 072, 064, 068, 
    ],
    [
        085, 087, 083, 081, 089, 091, 095, 093, 092, 094, 090, 088, 080, 082, 086, 084, 069, 065, 073, 077, 076, 072, 064, 068, 070, 066, 074, 078, 079, 075, 067, 071, 
        101, 097, 105, 109, 108, 104, 096, 100, 102, 098, 106, 110, 111, 107, 099, 103, 118, 126, 127, 119, 117, 125, 124, 116, 112, 120, 121, 113, 115, 123, 122, 114, 
        054, 062, 063, 055, 053, 061, 060, 052, 048, 056, 057, 049, 051, 059, 058, 050, 035, 039, 047, 043, 042, 046, 038, 034, 032, 036, 044, 040, 041, 045, 037, 033, 
        003, 007, 015, 011, 010, 014, 006, 002, 000, 004, 012, 008, 009, 013, 005, 001, 016, 017, 019, 018, 022, 023, 021, 020, 028, 029, 031, 030, 026, 027, 025, 024, 
        144, 145, 147, 146, 150, 151, 149, 148, 156, 157, 159, 158, 154, 155, 153, 152, 137, 141, 133, 129, 128, 132, 140, 136, 138, 142, 134, 130, 131, 135, 143, 139, 
        169, 173, 165, 161, 160, 164, 172, 168, 170, 174, 166, 162, 163, 167, 175, 171, 186, 178, 179, 187, 185, 177, 176, 184, 188, 180, 181, 189, 191, 183, 182, 190, 
        250, 242, 243, 251, 249, 241, 240, 248, 252, 244, 245, 253, 255, 247, 246, 254, 239, 235, 227, 231, 230, 226, 234, 238, 236, 232, 224, 228, 229, 225, 233, 237, 
        207, 203, 195, 199, 198, 194, 202, 206, 204, 200, 192, 196, 197, 193, 201, 205, 220, 222, 218, 216, 208, 210, 214, 212, 213, 215, 211, 209, 217, 219, 223, 221, 
    ],
    [
        204, 205, 207, 206, 202, 203, 201, 200, 192, 193, 195, 194, 198, 199, 197, 196, 076, 078, 074, 072, 064, 066, 070, 068, 069, 071, 067, 065, 073, 075, 079, 077, 
        092, 094, 090, 088, 080, 082, 086, 084, 085, 087, 083, 081, 089, 091, 095, 093, 213, 209, 217, 221, 220, 216, 208, 212, 214, 210, 218, 222, 223, 219, 211, 215, 
        245, 241, 249, 253, 252, 248, 240, 244, 246, 242, 250, 254, 255, 251, 243, 247, 127, 125, 121, 123, 115, 113, 117, 119, 118, 116, 112, 114, 122, 120, 124, 126, 
        111, 109, 105, 107, 099, 097, 101, 103, 102, 100, 096, 098, 106, 104, 108, 110, 230, 238, 239, 231, 229, 237, 236, 228, 224, 232, 233, 225, 227, 235, 234, 226, 
        166, 174, 175, 167, 165, 173, 172, 164, 160, 168, 169, 161, 163, 171, 170, 162, 042, 040, 044, 046, 038, 036, 032, 034, 035, 033, 037, 039, 047, 045, 041, 043, 
        058, 056, 060, 062, 054, 052, 048, 050, 051, 049, 053, 055, 063, 061, 057, 059, 179, 183, 191, 187, 186, 190, 182, 178, 176, 180, 188, 184, 185, 189, 181, 177, 
        147, 151, 159, 155, 154, 158, 150, 146, 144, 148, 156, 152, 153, 157, 149, 145, 025, 027, 031, 029, 021, 023, 019, 017, 016, 018, 022, 020, 028, 030, 026, 024, 
        009, 011, 015, 013, 005, 007, 003, 001, 000, 002, 006, 004, 012, 014, 010, 008, 128, 129, 131, 130, 134, 135, 133, 132, 140, 141, 143, 142, 138, 139, 137, 136, 
    ],
    [
        204, 196, 197, 205, 207, 199, 198, 206, 202, 194, 195, 203, 201, 193, 192, 200, 140, 141, 143, 142, 138, 139, 137, 136, 128, 129, 131, 130, 134, 135, 133, 132, 
        012, 013, 015, 014, 010, 011, 009, 008, 000, 001, 003, 002, 006, 007, 005, 004, 064, 066, 070, 068, 076, 078, 074, 072, 073, 075, 079, 077, 069, 071, 067, 065, 
        080, 082, 086, 084, 092, 094, 090, 088, 089, 091, 095, 093, 085, 087, 083, 081, 021, 020, 022, 023, 019, 018, 016, 017, 025, 024, 026, 027, 031, 030, 028, 029, 
        149, 148, 150, 151, 147, 146, 144, 145, 153, 152, 154, 155, 159, 158, 156, 157, 217, 221, 213, 209, 208, 212, 220, 216, 218, 222, 214, 210, 211, 215, 223, 219, 
        249, 253, 245, 241, 240, 244, 252, 248, 250, 254, 246, 242, 243, 247, 255, 251, 191, 190, 188, 189, 185, 184, 186, 187, 179, 178, 176, 177, 181, 180, 182, 183, 
        063, 062, 060, 061, 057, 056, 058, 059, 051, 050, 048, 049, 053, 052, 054, 055, 115, 113, 117, 119, 127, 125, 121, 123, 122, 120, 124, 126, 118, 116, 112, 114, 
        099, 097, 101, 103, 111, 109, 105, 107, 106, 104, 108, 110, 102, 100, 096, 098, 038, 039, 037, 036, 032, 033, 035, 034, 042, 043, 041, 040, 044, 045, 047, 046, 
        166, 167, 165, 164, 160, 161, 163, 162, 170, 171, 169, 168, 172, 173, 175, 174, 234, 226, 227, 235, 233, 225, 224, 232, 236, 228, 229, 237, 239, 231, 230, 238, 
    ],
    [
        204, 200, 192, 196, 197, 193, 201, 205, 207, 203, 195, 199, 198, 194, 202, 206, 236, 228, 229, 237, 239, 231, 230, 238, 234, 226, 227, 235, 233, 225, 224, 232, 
        172, 164, 165, 173, 175, 167, 166, 174, 170, 162, 163, 171, 169, 161, 160, 168, 138, 139, 137, 136, 140, 141, 143, 142, 134, 135, 133, 132, 128, 129, 131, 130, 
        010, 011, 009, 008, 012, 013, 015, 014, 006, 007, 005, 004, 000, 001, 003, 002, 032, 040, 041, 033, 035, 043, 042, 034, 038, 046, 047, 039, 037, 045, 044, 036, 
        096, 104, 105, 097, 099, 107, 106, 098, 102, 110, 111, 103, 101, 109, 108, 100, 070, 068, 064, 066, 074, 072, 076, 078, 079, 077, 073, 075, 067, 065, 069, 071, 
        086, 084, 080, 082, 090, 088, 092, 094, 095, 093, 089, 091, 083, 081, 085, 087, 117, 125, 124, 116, 118, 126, 127, 119, 115, 123, 122, 114, 112, 120, 121, 113, 
        053, 061, 060, 052, 054, 062, 063, 055, 051, 059, 058, 050, 048, 056, 057, 049, 019, 018, 016, 017, 021, 020, 022, 023, 031, 030, 028, 029, 025, 024, 026, 027, 
        147, 146, 144, 145, 149, 148, 150, 151, 159, 158, 156, 157, 153, 152, 154, 155, 185, 177, 176, 184, 186, 178, 179, 187, 191, 183, 182, 190, 188, 180, 181, 189, 
        249, 241, 240, 248, 250, 242, 243, 251, 255, 247, 246, 254, 252, 244, 245, 253, 223, 219, 211, 215, 214, 210, 218, 222, 220, 216, 208, 212, 213, 209, 217, 221, 
    ],
    [
        204, 206, 202, 200, 192, 194, 198, 196, 197, 199, 195, 193, 201, 203, 207, 205, 220, 216, 208, 212, 213, 209, 217, 221, 223, 219, 211, 215, 214, 210, 218, 222, 
        252, 248, 240, 244, 245, 241, 249, 253, 255, 251, 243, 247, 246, 242, 250, 254, 239, 231, 230, 238, 236, 228, 229, 237, 233, 225, 224, 232, 234, 226, 227, 235, 
        175, 167, 166, 174, 172, 164, 165, 173, 169, 161, 160, 168, 170, 162, 163, 171, 186, 190, 182, 178, 179, 183, 191, 187, 185, 189, 181, 177, 176, 180, 188, 184, 
        154, 158, 150, 146, 147, 151, 159, 155, 153, 157, 149, 145, 144, 148, 156, 152, 137, 136, 138, 139, 143, 142, 140, 141, 133, 132, 134, 135, 131, 130, 128, 129, 
        009, 008, 010, 011, 015, 014, 012, 013, 005, 004, 006, 007, 003, 002, 000, 001, 016, 020, 028, 024, 025, 029, 021, 017, 019, 023, 031, 027, 026, 030, 022, 018, 
        048, 052, 060, 056, 057, 061, 053, 049, 051, 055, 063, 059, 058, 062, 054, 050, 035, 043, 042, 034, 032, 040, 041, 033, 037, 045, 044, 036, 038, 046, 047, 039, 
        099, 107, 106, 098, 096, 104, 105, 097, 101, 109, 108, 100, 102, 110, 111, 103, 118, 114, 122, 126, 127, 123, 115, 119, 117, 113, 121, 125, 124, 120, 112, 116, 
        086, 082, 090, 094, 095, 091, 083, 087, 085, 081, 089, 093, 092, 088, 080, 084, 069, 071, 067, 065, 073, 075, 079, 077, 076, 078, 074, 072, 064, 066, 070, 068, 
    ],
    [
        255, 254, 252, 253, 249, 248, 250, 251, 243, 242, 240, 241, 245, 244, 246, 247, 127, 125, 121, 123, 115, 113, 117, 119, 118, 116, 112, 114, 122, 120, 124, 126, 
        111, 109, 105, 107, 099, 097, 101, 103, 102, 100, 096, 098, 106, 104, 108, 110, 230, 226, 234, 238, 239, 235, 227, 231, 229, 225, 233, 237, 236, 232, 224, 228, 
        198, 194, 202, 206, 207, 203, 195, 199, 197, 193, 201, 205, 204, 200, 192, 196, 076, 078, 074, 072, 064, 066, 070, 068, 069, 071, 067, 065, 073, 075, 079, 077, 
        092, 094, 090, 088, 080, 082, 086, 084, 085, 087, 083, 081, 089, 091, 095, 093, 213, 221, 220, 212, 214, 222, 223, 215, 211, 219, 218, 210, 208, 216, 217, 209, 
        149, 157, 156, 148, 150, 158, 159, 151, 147, 155, 154, 146, 144, 152, 153, 145, 025, 027, 031, 029, 021, 023, 019, 017, 016, 018, 022, 020, 028, 030, 026, 024, 
        009, 011, 015, 013, 005, 007, 003, 001, 000, 002, 006, 004, 012, 014, 010, 008, 128, 132, 140, 136, 137, 141, 133, 129, 131, 135, 143, 139, 138, 142, 134, 130, 
        160, 164, 172, 168, 169, 173, 165, 161, 163, 167, 175, 171, 170, 174, 166, 162, 042, 040, 044, 046, 038, 036, 032, 034, 035, 033, 037, 039, 047, 045, 041, 043, 
        058, 056, 060, 062, 054, 052, 048, 050, 051, 049, 053, 055, 063, 061, 057, 059, 179, 178, 176, 177, 181, 180, 182, 183, 191, 190, 188, 189, 185, 184, 186, 187, 
    ],
    [
        255, 247, 246, 254, 252, 244, 245, 253, 249, 241, 240, 248, 250, 242, 243, 251, 191, 190, 188, 189, 185, 184, 186, 187, 179, 178, 176, 177, 181, 180, 182, 183, 
        063, 062, 060, 061, 057, 056, 058, 059, 051, 050, 048, 049, 053, 052, 054, 055, 115, 113, 117, 119, 127, 125, 121, 123, 122, 120, 124, 126, 118, 116, 112, 114, 
        099, 097, 101, 103, 111, 109, 105, 107, 106, 104, 108, 110, 102, 100, 096, 098, 038, 039, 037, 036, 032, 033, 035, 034, 042, 043, 041, 040, 044, 045, 047, 046, 
        166, 167, 165, 164, 160, 161, 163, 162, 170, 171, 169, 168, 172, 173, 175, 174, 234, 238, 230, 226, 227, 231, 239, 235, 233, 237, 229, 225, 224, 228, 236, 232, 
        202, 206, 198, 194, 195, 199, 207, 203, 201, 205, 197, 193, 192, 196, 204, 200, 140, 141, 143, 142, 138, 139, 137, 136, 128, 129, 131, 130, 134, 135, 133, 132, 
        012, 013, 015, 014, 010, 011, 009, 008, 000, 001, 003, 002, 006, 007, 005, 004, 064, 066, 070, 068, 076, 078, 074, 072, 073, 075, 079, 077, 069, 071, 067, 065, 
        080, 082, 086, 084, 092, 094, 090, 088, 089, 091, 095, 093, 085, 087, 083, 081, 021, 020, 022, 023, 019, 018, 016, 017, 025, 024, 026, 027, 031, 030, 028, 029, 
        149, 148, 150, 151, 147, 146, 144, 145, 153, 152, 154, 155, 159, 158, 156, 157, 217, 209, 208, 216, 218, 210, 211, 219, 223, 215, 214, 222, 220, 212, 213, 221, 
    ],
    [
        255, 251, 243, 247, 246, 242, 250, 254, 252, 248, 240, 244, 245, 241, 249, 253, 223, 215, 214, 222, 220, 212, 213, 221, 217, 209, 208, 216, 218, 210, 211, 219, 
        159, 151, 150, 158, 156, 148, 149, 157, 153, 145, 144, 152, 154, 146, 147, 155, 185, 184, 186, 187, 191, 190, 188, 189, 181, 180, 182, 183, 179, 178, 176, 177, 
        057, 056, 058, 059, 063, 062, 060, 061, 053, 052, 054, 055, 051, 050, 048, 049, 019, 027, 026, 018, 016, 024, 025, 017, 021, 029, 028, 020, 022, 030, 031, 023, 
        083, 091, 090, 082, 080, 088, 089, 081, 085, 093, 092, 084, 086, 094, 095, 087, 117, 119, 115, 113, 121, 123, 127, 125, 124, 126, 122, 120, 112, 114, 118, 116, 
        101, 103, 099, 097, 105, 107, 111, 109, 108, 110, 106, 104, 096, 098, 102, 100, 070, 078, 079, 071, 069, 077, 076, 068, 064, 072, 073, 065, 067, 075, 074, 066, 
        006, 014, 015, 007, 005, 013, 012, 004, 000, 008, 009, 001, 003, 011, 010, 002, 032, 033, 035, 034, 038, 039, 037, 036, 044, 045, 047, 046, 042, 043, 041, 040, 
        160, 161, 163, 162, 166, 167, 165, 164, 172, 173, 175, 174, 170, 171, 169, 168, 138, 130, 131, 139, 137, 129, 128, 136, 140, 132, 133, 141, 143, 135, 134, 142, 
        202, 194, 195, 203, 201, 193, 192, 200, 204, 196, 197, 205, 207, 199, 198, 206, 236, 232, 224, 228, 229, 225, 233, 237, 239, 235, 227, 231, 230, 226, 234, 238, 
    ],
    [
        255, 253, 249, 251, 243, 241, 245, 247, 246, 244, 240, 242, 250, 248, 252, 254, 239, 235, 227, 231, 230, 226, 234, 238, 236, 232, 224, 228, 229, 225, 233, 237, 
        207, 203, 195, 199, 198, 194, 202, 206, 204, 200, 192, 196, 197, 193, 201, 205, 220, 212, 213, 221, 223, 215, 214, 222, 218, 210, 211, 219, 217, 209, 208, 216, 
        156, 148, 149, 157, 159, 151, 150, 158, 154, 146, 147, 155, 153, 145, 144, 152, 137, 141, 133, 129, 128, 132, 140, 136, 138, 142, 134, 130, 131, 135, 143, 139, 
        169, 173, 165, 161, 160, 164, 172, 168, 170, 174, 166, 162, 163, 167, 175, 171, 186, 187, 185, 184, 188, 189, 191, 190, 182, 183, 181, 180, 176, 177, 179, 178, 
        058, 059, 057, 056, 060, 061, 063, 062, 054, 055, 053, 052, 048, 049, 051, 050, 035, 039, 047, 043, 042, 046, 038, 034, 032, 036, 044, 040, 041, 045, 037, 033, 
        003, 007, 015, 011, 010, 014, 006, 002, 000, 004, 012, 008, 009, 013, 005, 001, 016, 024, 025, 017, 019, 027, 026, 018, 022, 030, 031, 023, 021, 029, 028, 020, 
        080, 088, 089, 081, 083, 091, 090, 082, 086, 094, 095, 087, 085, 093, 092, 084, 069, 065, 073, 077, 076, 072, 064, 068, 070, 066, 074, 078, 079, 075, 067, 071, 
        101, 097, 105, 109, 108, 104, 096, 100, 102, 098, 106, 110, 111, 107, 099, 103, 118, 116, 112, 114, 122, 120, 124, 126, 127, 125, 121, 123, 115, 113, 117, 119, 
    ],
    [
        170, 171, 169, 168, 172, 173, 175, 174, 166, 167, 165, 164, 160, 161, 163, 162, 042, 040, 044, 046, 038, 036, 032, 034, 035, 033, 037, 039, 047, 045, 041, 043, 
        058, 056, 060, 062, 054, 052, 048, 050, 051, 049, 053, 055, 063, 061, 057, 059, 179, 183, 191, 187, 186, 190, 182, 178, 176, 180, 188, 184, 185, 189, 181, 177, 
        147, 151, 159, 155, 154, 158, 150, 146, 144, 148, 156, 152, 153, 157, 149, 145, 025, 027, 031, 029, 021, 023, 019, 017, 016, 018, 022, 020, 028, 030, 026, 024, 
        009, 011, 015, 013, 005, 007, 003, 001, 000, 002, 006, 004, 012, 014, 010, 008, 128, 136, 137, 129, 131, 139, 138, 130, 134, 142, 143, 135, 133, 141, 140, 132, 
        192, 200, 201, 193, 195, 203, 202, 194, 198, 206, 207, 199, 197, 205, 204, 196, 076, 078, 074, 072, 064, 066, 070, 068, 069, 071, 067, 065, 073, 075, 079, 077, 
        092, 094, 090, 088, 080, 082, 086, 084, 085, 087, 083, 081, 089, 091, 095, 093, 213, 209, 217, 221, 220, 216, 208, 212, 214, 210, 218, 222, 223, 219, 211, 215, 
        245, 241, 249, 253, 252, 248, 240, 244, 246, 242, 250, 254, 255, 251, 243, 247, 127, 125, 121, 123, 115, 113, 117, 119, 118, 116, 112, 114, 122, 120, 124, 126, 
        111, 109, 105, 107, 099, 097, 101, 103, 102, 100, 096, 098, 106, 104, 108, 110, 230, 231, 229, 228, 224, 225, 227, 226, 234, 235, 233, 232, 236, 237, 239, 238, 
    ],
    [
        170, 162, 163, 171, 169, 161, 160, 168, 172, 164, 165, 173, 175, 167, 166, 174, 234, 235, 233, 232, 236, 237, 239, 238, 230, 231, 229, 228, 224, 225, 227, 226, 
        106, 107, 105, 104, 108, 109, 111, 110, 102, 103, 101, 100, 096, 097, 099, 098, 038, 036, 032, 034, 042, 040, 044, 046, 047, 045, 041, 043, 035, 033, 037, 039, 
        054, 052, 048, 050, 058, 056, 060, 062, 063, 061, 057, 059, 051, 049, 053, 055, 115, 114, 112, 113, 117, 116, 118, 119, 127, 126, 124, 125, 121, 120, 122, 123, 
        243, 242, 240, 241, 245, 244, 246, 247, 255, 254, 252, 253, 249, 248, 250, 251, 191, 187, 179, 183, 182, 178, 186, 190, 188, 184, 176, 180, 181, 177, 185, 189, 
        159, 155, 147, 151, 150, 146, 154, 158, 156, 152, 144, 148, 149, 145, 153, 157, 217, 216, 218, 219, 223, 222, 220, 221, 213, 212, 214, 215, 211, 210, 208, 209, 
        089, 088, 090, 091, 095, 094, 092, 093, 085, 084, 086, 087, 083, 082, 080, 081, 021, 023, 019, 017, 025, 027, 031, 029, 028, 030, 026, 024, 016, 018, 022, 020, 
        005, 007, 003, 001, 009, 011, 015, 013, 012, 014, 010, 008, 000, 002, 006, 004, 064, 065, 067, 066, 070, 071, 069, 068, 076, 077, 079, 078, 074, 075, 073, 072, 
        192, 193, 195, 194, 198, 199, 197, 196, 204, 205, 207, 206, 202, 203, 201, 200, 140, 132, 133, 141, 143, 135, 134, 142, 138, 130, 131, 139, 137, 129, 128, 136, 
    ],
    [
        170, 174, 166, 162, 163, 167, 175, 171, 169, 173, 165, 161, 160, 164, 172, 168, 138, 130, 131, 139, 137, 129, 128, 136, 140, 132, 133, 141, 143, 135, 134, 142, 
        202, 194, 195, 203, 201, 193, 192, 200, 204, 196, 197, 205, 207, 199, 198, 206, 236, 237, 239, 238, 234, 235, 233, 232, 224, 225, 227, 226, 230, 231, 229, 228, 
        108, 109, 111, 110, 106, 107, 105, 104, 096, 097, 099, 098, 102, 103, 101, 100, 070, 078, 079, 071, 069, 077, 076, 068, 064, 072, 073, 065, 067, 075, 074, 066, 
        006, 014, 015, 007, 005, 013, 012, 004, 000, 008, 009, 001, 003, 011, 010, 002, 032, 034, 038, 036, 044, 046, 042, 040, 041, 043, 047, 045, 037, 039, 035, 033, 
        048, 050, 054, 052, 060, 062, 058, 056, 057, 059, 063, 061, 053, 055, 051, 049, 019, 027, 026, 018, 016, 024, 025, 017, 021, 029, 028, 020, 022, 030, 031, 023, 
        083, 091, 090, 082, 080, 088, 089, 081, 085, 093, 092, 084, 086, 094, 095, 087, 117, 116, 118, 119, 115, 114, 112, 113, 121, 120, 122, 123, 127, 126, 124, 125, 
        245, 244, 246, 247, 243, 242, 240, 241, 249, 248, 250, 251, 255, 254, 252, 253, 223, 215, 214, 222, 220, 212, 213, 221, 217, 209, 208, 216, 218, 210, 211, 219, 
        159, 151, 150, 158, 156, 148, 149, 157, 153, 145, 144, 152, 154, 146, 147, 155, 185, 189, 181, 177, 176, 180, 188, 184, 186, 190, 182, 178, 179, 183, 191, 187, 
    ],
    [
        170, 168, 172, 174, 166, 164, 160, 162, 163, 161, 165, 167, 175, 173, 169, 171, 186, 190, 182, 178, 179, 183, 191, 187, 185, 189, 181, 177, 176, 180, 188, 184, 
        154, 158, 150, 146, 147, 151, 159, 155, 153, 157, 149, 145, 144, 148, 156, 152, 137, 129, 128, 136, 138, 130, 131, 139, 143, 135, 134, 142, 140, 132, 133, 141, 
        201, 193, 192, 200, 202, 194, 195, 203, 207, 199, 198, 206, 204, 196, 197, 205, 220, 216, 208, 212, 213, 209, 217, 221, 223, 219, 211, 215, 214, 210, 218, 222, 
        252, 248, 240, 244, 245, 241, 249, 253, 255, 251, 243, 247, 246, 242, 250, 254, 239, 238, 236, 237, 233, 232, 234, 235, 227, 226, 224, 225, 229, 228, 230, 231, 
        111, 110, 108, 109, 105, 104, 106, 107, 099, 098, 096, 097, 101, 100, 102, 103, 118, 114, 122, 126, 127, 123, 115, 119, 117, 113, 121, 125, 124, 120, 112, 116, 
        086, 082, 090, 094, 095, 091, 083, 087, 085, 081, 089, 093, 092, 088, 080, 084, 069, 077, 076, 068, 070, 078, 079, 071, 067, 075, 074, 066, 064, 072, 073, 065, 
        005, 013, 012, 004, 006, 014, 015, 007, 003, 011, 010, 002, 000, 008, 009, 001, 016, 020, 028, 024, 025, 029, 021, 017, 019, 023, 031, 027, 026, 030, 022, 018, 
        048, 052, 060, 056, 057, 061, 053, 049, 051, 055, 063, 059, 058, 062, 054, 050, 035, 033, 037, 039, 047, 045, 041, 043, 042, 040, 044, 046, 038, 036, 032, 034, 
    ],
    [
        153, 152, 154, 155, 159, 158, 156, 157, 149, 148, 150, 151, 147, 146, 144, 145, 025, 027, 031, 029, 021, 023, 019, 017, 016, 018, 022, 020, 028, 030, 026, 024, 
        009, 011, 015, 013, 005, 007, 003, 001, 000, 002, 006, 004, 012, 014, 010, 008, 128, 132, 140, 136, 137, 141, 133, 129, 131, 135, 143, 139, 138, 142, 134, 130, 
        160, 164, 172, 168, 169, 173, 165, 161, 163, 167, 175, 171, 170, 174, 166, 162, 042, 040, 044, 046, 038, 036, 032, 034, 035, 033, 037, 039, 047, 045, 041, 043, 
        058, 056, 060, 062, 054, 052, 048, 050, 051, 049, 053, 055, 063, 061, 057, 059, 179, 187, 186, 178, 176, 184, 185, 177, 181, 189, 188, 180, 182, 190, 191, 183, 
        243, 251, 250, 242, 240, 248, 249, 241, 245, 253, 252, 244, 246, 254, 255, 247, 127, 125, 121, 123, 115, 113, 117, 119, 118, 116, 112, 114, 122, 120, 124, 126, 
        111, 109, 105, 107, 099, 097, 101, 103, 102, 100, 096, 098, 106, 104, 108, 110, 230, 226, 234, 238, 239, 235, 227, 231, 229, 225, 233, 237, 236, 232, 224, 228, 
        198, 194, 202, 206, 207, 203, 195, 199, 197, 193, 201, 205, 204, 200, 192, 196, 076, 078, 074, 072, 064, 066, 070, 068, 069, 071, 067, 065, 073, 075, 079, 077, 
        092, 094, 090, 088, 080, 082, 086, 084, 085, 087, 083, 081, 089, 091, 095, 093, 213, 212, 214, 215, 211, 210, 208, 209, 217, 216, 218, 219, 223, 222, 220, 221, 
    ],
    [
        153, 145, 144, 152, 154, 146, 147, 155, 159, 151, 150, 158, 156, 148, 149, 157, 217, 216, 218, 219, 223, 222, 220, 221, 213, 212, 214, 215, 211, 210, 208, 209, 
        089, 088, 090, 091, 095, 094, 092, 093, 085, 084, 086, 087, 083, 082, 080, 081, 021, 023, 019, 017, 025, 027, 031, 029, 028, 030, 026, 024, 016, 018, 022, 020, 
        005, 007, 003, 001, 009, 011, 015, 013, 012, 014, 010, 008, 000, 002, 006, 004, 064, 065, 067, 066, 070, 071, 069, 068, 076, 077, 079, 078, 074, 075, 073, 072, 
        192, 193, 195, 194, 198, 199, 197, 196, 204, 205, 207, 206, 202, 203, 201, 200, 140, 136, 128, 132, 133, 129, 137, 141, 143, 139, 131, 135, 134, 130, 138, 142, 
        172, 168, 160, 164, 165, 161, 169, 173, 175, 171, 163, 167, 166, 162, 170, 174, 234, 235, 233, 232, 236, 237, 239, 238, 230, 231, 229, 228, 224, 225, 227, 226, 
        106, 107, 105, 104, 108, 109, 111, 110, 102, 103, 101, 100, 096, 097, 099, 098, 038, 036, 032, 034, 042, 040, 044, 046, 047, 045, 041, 043, 035, 033, 037, 039, 
        054, 052, 048, 050, 058, 056, 060, 062, 063, 061, 057, 059, 051, 049, 053, 055, 115, 114, 112, 113, 117, 116, 118, 119, 127, 126, 124, 125, 121, 120, 122, 123, 
        243, 242, 240, 241, 245, 244, 246, 247, 255, 254, 252, 253, 249, 248, 250, 251, 191, 183, 182, 190, 188, 180, 181, 189, 185, 177, 176, 184, 186, 178, 179, 187, 
    ],
    [
        153, 157, 149, 145, 144, 148, 156, 152, 154, 158, 150, 146, 147, 151, 159, 155, 185, 177, 176, 184, 186, 178, 179, 187, 191, 183, 182, 190, 188, 180, 181, 189, 
        249, 241, 240, 248, 250, 242, 243, 251, 255, 247, 246, 254, 252, 244, 245, 253, 223, 222, 220, 221, 217, 216, 218, 219, 211, 210, 208, 209, 213, 212, 214, 215, 
        095, 094, 092, 093, 089, 088, 090, 091, 083, 082, 080, 081, 085, 084, 086, 087, 117, 125, 124, 116, 118, 126, 127, 119, 115, 123, 122, 114, 112, 120, 121, 113, 
        053, 061, 060, 052, 054, 062, 063, 055, 051, 059, 058, 050, 048, 056, 057, 049, 019, 017, 021, 023, 031, 029, 025, 027, 026, 024, 028, 030, 022, 020, 016, 018, 
        003, 001, 005, 007, 015, 013, 009, 011, 010, 008, 012, 014, 006, 004, 000, 002, 032, 040, 041, 033, 035, 043, 042, 034, 038, 046, 047, 039, 037, 045, 044, 036, 
        096, 104, 105, 097, 099, 107, 106, 098, 102, 110, 111, 103, 101, 109, 108, 100, 070, 071, 069, 068, 064, 065, 067, 066, 074, 075, 073, 072, 076, 077, 079, 078, 
        198, 199, 197, 196, 192, 193, 195, 194, 202, 203, 201, 200, 204, 205, 207, 206, 236, 228, 229, 237, 239, 231, 230, 238, 234, 226, 227, 235, 233, 225, 224, 232, 
        172, 164, 165, 173, 175, 167, 166, 174, 170, 162, 163, 171, 169, 161, 160, 168, 138, 142, 134, 130, 131, 135, 143, 139, 137, 141, 133, 129, 128, 132, 140, 136, 
    ],
    [
        153, 155, 159, 157, 149, 151, 147, 145, 144, 146, 150, 148, 156, 158, 154, 152, 137, 141, 133, 129, 128, 132, 140, 136, 138, 142, 134, 130, 131, 135, 143, 139, 
        169, 173, 165, 161, 160, 164, 172, 168, 170, 174, 166, 162, 163, 167, 175, 171, 186, 178, 179, 187, 185, 177, 176, 184, 188, 180, 181, 189, 191, 183, 182, 190, 
        250, 242, 243, 251, 249, 241, 240, 248, 252, 244, 245, 253, 255, 247, 246, 254, 239, 235, 227, 231, 230, 226, 234, 238, 236, 232, 224, 228, 229, 225, 233, 237, 
        207, 203, 195, 199, 198, 194, 202, 206, 204, 200, 192, 196, 197, 193, 201, 205, 220, 221, 223, 222, 218, 219, 217, 216, 208, 209, 211, 210, 214, 215, 213, 212, 
        092, 093, 095, 094, 090, 091, 089, 088, 080, 081, 083, 082, 086, 087, 085, 084, 069, 065, 073, 077, 076, 072, 064, 068, 070, 066, 074, 078, 079, 075, 067, 071, 
        101, 097, 105, 109, 108, 104, 096, 100, 102, 098, 106, 110, 111, 107, 099, 103, 118, 126, 127, 119, 117, 125, 124, 116, 112, 120, 121, 113, 115, 123, 122, 114, 
        054, 062, 063, 055, 053, 061, 060, 052, 048, 056, 057, 049, 051, 059, 058, 050, 035, 039, 047, 043, 042, 046, 038, 034, 032, 036, 044, 040, 041, 045, 037, 033, 
        003, 007, 015, 011, 010, 014, 006, 002, 000, 004, 012, 008, 009, 013, 005, 001, 016, 018, 022, 020, 028, 030, 026, 024, 025, 027, 031, 029, 021, 023, 019, 017, 
    ],
]
