[
    [
        002, 001, 001, 004, 004, 009, 009, 015, 015, 017, 017, 020, 020, 025, 025, 030, 001, 000, 000, 011, 011, 016, 016, 026, 026, 028, 028, 023, 023, 012, 012, 005, 
        001, 000, 000, 011, 011, 016, 016, 026, 026, 028, 028, 023, 023, 012, 012, 005, 028, 031, 031, 014, 014, 003, 003, 017, 017, 027, 027, 010, 010, 007, 007, 020, 
        028, 031, 031, 014, 014, 003, 003, 017, 017, 027, 027, 010, 010, 007, 007, 020, 005, 004, 004, 015, 015, 020, 020, 030, 030, 024, 024, 019, 019, 008, 008, 001, 
        005, 004, 004, 015, 015, 020, 020, 030, 030, 024, 024, 019, 019, 008, 008, 001, 027, 026, 026, 005, 005, 030, 030, 000, 000, 018, 018, 013, 013, 022, 022, 011, 
        027, 026, 026, 005, 005, 030, 030, 000, 000, 018, 018, 013, 013, 022, 022, 011, 009, 008, 008, 003, 003, 024, 024, 018, 018, 020, 020, 031, 031, 004, 004, 013, 
        009, 008, 008, 003, 003, 024, 024, 018, 018, 020, 020, 031, 031, 004, 004, 013, 020, 023, 023, 006, 006, 011, 011, 025, 025, 019, 019, 002, 002, 015, 015, 028, 
        020, 023, 023, 006, 006, 011, 011, 025, 025, 019, 019, 002, 002, 015, 015, 028, 013, 012, 012, 007, 007, 028, 028, 022, 022, 016, 016, 027, 027, 000, 000, 009, 
        013, 012, 012, 007, 007, 028, 028, 022, 022, 016, 016, 027, 027, 000, 000, 009, 018, 017, 017, 020, 020, 025, 025, 031, 031, 001, 001, 004, 004, 009, 009, 014, 
    ],
    [
        003, 002, 002, 029, 029, 006, 006, 024, 024, 010, 010, 021, 021, 014, 014, 019, 002, 001, 001, 004, 004, 009, 009, 015, 015, 017, 017, 020, 020, 025, 025, 030, 
        002, 001, 001, 004, 004, 009, 009, 015, 015, 017, 017, 020, 020, 025, 025, 030, 017, 016, 016, 027, 027, 000, 000, 010, 010, 012, 012, 007, 007, 028, 028, 021, 
        017, 016, 016, 027, 027, 000, 000, 010, 010, 012, 012, 007, 007, 028, 028, 021, 030, 029, 029, 024, 024, 021, 021, 019, 019, 013, 013, 008, 008, 005, 005, 002, 
        030, 029, 029, 024, 024, 021, 021, 019, 019, 013, 013, 008, 008, 005, 005, 002, 012, 015, 015, 030, 030, 019, 019, 001, 001, 011, 011, 026, 026, 023, 023, 004, 
        012, 015, 015, 030, 030, 019, 019, 001, 001, 011, 011, 026, 026, 023, 023, 004, 006, 005, 005, 000, 000, 013, 013, 011, 011, 021, 021, 016, 016, 029, 029, 026, 
        006, 005, 005, 000, 000, 013, 013, 011, 011, 021, 021, 016, 016, 029, 029, 026, 021, 020, 020, 031, 031, 004, 004, 014, 014, 008, 008, 003, 003, 024, 024, 017, 
        021, 020, 020, 031, 031, 004, 004, 014, 014, 008, 008, 003, 003, 024, 024, 017, 026, 025, 025, 028, 028, 017, 017, 023, 023, 009, 009, 012, 012, 001, 001, 006, 
        026, 025, 025, 028, 028, 017, 017, 023, 023, 009, 009, 012, 012, 001, 001, 006, 011, 010, 010, 021, 021, 014, 014, 016, 016, 002, 002, 029, 029, 006, 006, 027, 
    ],
    [
        000, 003, 003, 018, 018, 031, 031, 013, 013, 007, 007, 022, 022, 027, 027, 008, 003, 002, 002, 029, 029, 006, 006, 024, 024, 010, 010, 021, 021, 014, 014, 019, 
        003, 002, 002, 029, 029, 006, 006, 024, 024, 010, 010, 021, 021, 014, 014, 019, 010, 009, 009, 012, 012, 001, 001, 007, 007, 025, 025, 028, 028, 017, 017, 022, 
        010, 009, 009, 012, 012, 001, 001, 007, 007, 025, 025, 028, 028, 017, 017, 022, 019, 018, 018, 013, 013, 022, 022, 008, 008, 026, 026, 005, 005, 030, 030, 003, 
        019, 018, 018, 013, 013, 022, 022, 008, 008, 026, 026, 005, 005, 030, 030, 003, 025, 024, 024, 019, 019, 008, 008, 002, 002, 004, 004, 015, 015, 020, 020, 029, 
        025, 024, 024, 019, 019, 008, 008, 002, 002, 004, 004, 015, 015, 020, 020, 029, 031, 030, 030, 001, 001, 026, 026, 004, 004, 022, 022, 009, 009, 018, 018, 015, 
        031, 030, 030, 001, 001, 026, 026, 004, 004, 022, 022, 009, 009, 018, 018, 015, 022, 021, 021, 016, 016, 029, 029, 027, 027, 005, 005, 000, 000, 013, 013, 010, 
        022, 021, 021, 016, 016, 029, 029, 027, 027, 005, 005, 000, 000, 013, 013, 010, 015, 014, 014, 017, 017, 010, 010, 020, 020, 006, 006, 025, 025, 002, 002, 031, 
        015, 014, 014, 017, 017, 010, 010, 020, 020, 006, 006, 025, 025, 002, 002, 031, 004, 007, 007, 022, 022, 027, 027, 009, 009, 003, 003, 018, 018, 031, 031, 012, 
    ],
    [
        001, 000, 000, 011, 011, 016, 016, 026, 026, 028, 028, 023, 023, 012, 012, 005, 000, 003, 003, 018, 018, 031, 031, 013, 013, 007, 007, 022, 022, 027, 027, 008, 
        000, 003, 003, 018, 018, 031, 031, 013, 013, 007, 007, 022, 022, 027, 027, 008, 007, 006, 006, 025, 025, 002, 002, 028, 028, 014, 014, 017, 017, 010, 010, 023, 
        007, 006, 006, 025, 025, 002, 002, 028, 028, 014, 014, 017, 017, 010, 010, 023, 008, 011, 011, 026, 026, 023, 023, 005, 005, 015, 015, 030, 030, 019, 019, 000, 
        008, 011, 011, 026, 026, 023, 023, 005, 005, 015, 015, 030, 030, 019, 019, 000, 014, 013, 013, 008, 008, 005, 005, 003, 003, 029, 029, 024, 024, 021, 021, 018, 
        014, 013, 013, 008, 008, 005, 005, 003, 003, 029, 029, 024, 024, 021, 021, 018, 016, 019, 019, 002, 002, 015, 015, 029, 029, 023, 023, 006, 006, 011, 011, 024, 
        016, 019, 019, 002, 002, 015, 015, 029, 029, 023, 023, 006, 006, 011, 011, 024, 023, 022, 022, 009, 009, 018, 018, 012, 012, 030, 030, 001, 001, 026, 026, 007, 
        023, 022, 022, 009, 009, 018, 018, 012, 012, 030, 030, 001, 001, 026, 026, 007, 024, 027, 027, 010, 010, 007, 007, 021, 021, 031, 031, 014, 014, 003, 003, 016, 
        024, 027, 027, 010, 010, 007, 007, 021, 021, 031, 031, 014, 014, 003, 003, 016, 029, 028, 028, 023, 023, 012, 012, 006, 006, 000, 000, 011, 011, 016, 016, 025, 
    ],
    [
        006, 005, 005, 000, 000, 013, 013, 011, 011, 021, 021, 016, 016, 029, 029, 026, 005, 004, 004, 015, 015, 020, 020, 030, 030, 024, 024, 019, 019, 008, 008, 001, 
        005, 004, 004, 015, 015, 020, 020, 030, 030, 024, 024, 019, 019, 008, 008, 001, 024, 027, 027, 010, 010, 007, 007, 021, 021, 031, 031, 014, 014, 003, 003, 016, 
        024, 027, 027, 010, 010, 007, 007, 021, 021, 031, 031, 014, 014, 003, 003, 016, 001, 000, 000, 011, 011, 016, 016, 026, 026, 028, 028, 023, 023, 012, 012, 005, 
        001, 000, 000, 011, 011, 016, 016, 026, 026, 028, 028, 023, 023, 012, 012, 005, 031, 030, 030, 001, 001, 026, 026, 004, 004, 022, 022, 009, 009, 018, 018, 015, 
        031, 030, 030, 001, 001, 026, 026, 004, 004, 022, 022, 009, 009, 018, 018, 015, 013, 012, 012, 007, 007, 028, 028, 022, 022, 016, 016, 027, 027, 000, 000, 009, 
        013, 012, 012, 007, 007, 028, 028, 022, 022, 016, 016, 027, 027, 000, 000, 009, 016, 019, 019, 002, 002, 015, 015, 029, 029, 023, 023, 006, 006, 011, 011, 024, 
        016, 019, 019, 002, 002, 015, 015, 029, 029, 023, 023, 006, 006, 011, 011, 024, 009, 008, 008, 003, 003, 024, 024, 018, 018, 020, 020, 031, 031, 004, 004, 013, 
        009, 008, 008, 003, 003, 024, 024, 018, 018, 020, 020, 031, 031, 004, 004, 013, 022, 021, 021, 016, 016, 029, 029, 027, 027, 005, 005, 000, 000, 013, 013, 010, 
    ],
    [
        007, 006, 006, 025, 025, 002, 002, 028, 028, 014, 014, 017, 017, 010, 010, 023, 006, 005, 005, 000, 000, 013, 013, 011, 011, 021, 021, 016, 016, 029, 029, 026, 
        006, 005, 005, 000, 000, 013, 013, 011, 011, 021, 021, 016, 016, 029, 029, 026, 021, 020, 020, 031, 031, 004, 004, 014, 014, 008, 008, 003, 003, 024, 024, 017, 
        021, 020, 020, 031, 031, 004, 004, 014, 014, 008, 008, 003, 003, 024, 024, 017, 026, 025, 025, 028, 028, 017, 017, 023, 023, 009, 009, 012, 012, 001, 001, 006, 
        026, 025, 025, 028, 028, 017, 017, 023, 023, 009, 009, 012, 012, 001, 001, 006, 008, 011, 011, 026, 026, 023, 023, 005, 005, 015, 015, 030, 030, 019, 019, 000, 
        008, 011, 011, 026, 026, 023, 023, 005, 005, 015, 015, 030, 030, 019, 019, 000, 002, 001, 001, 004, 004, 009, 009, 015, 015, 017, 017, 020, 020, 025, 025, 030, 
        002, 001, 001, 004, 004, 009, 009, 015, 015, 017, 017, 020, 020, 025, 025, 030, 017, 016, 016, 027, 027, 000, 000, 010, 010, 012, 012, 007, 007, 028, 028, 021, 
        017, 016, 016, 027, 027, 000, 000, 010, 010, 012, 012, 007, 007, 028, 028, 021, 030, 029, 029, 024, 024, 021, 021, 019, 019, 013, 013, 008, 008, 005, 005, 002, 
        030, 029, 029, 024, 024, 021, 021, 019, 019, 013, 013, 008, 008, 005, 005, 002, 015, 014, 014, 017, 017, 010, 010, 020, 020, 006, 006, 025, 025, 002, 002, 031, 
    ],
    [
        004, 007, 007, 022, 022, 027, 027, 009, 009, 003, 003, 018, 018, 031, 031, 012, 007, 006, 006, 025, 025, 002, 002, 028, 028, 014, 014, 017, 017, 010, 010, 023, 
        007, 006, 006, 025, 025, 002, 002, 028, 028, 014, 014, 017, 017, 010, 010, 023, 014, 013, 013, 008, 008, 005, 005, 003, 003, 029, 029, 024, 024, 021, 021, 018, 
        014, 013, 013, 008, 008, 005, 005, 003, 003, 029, 029, 024, 024, 021, 021, 018, 023, 022, 022, 009, 009, 018, 018, 012, 012, 030, 030, 001, 001, 026, 026, 007, 
        023, 022, 022, 009, 009, 018, 018, 012, 012, 030, 030, 001, 001, 026, 026, 007, 029, 028, 028, 023, 023, 012, 012, 006, 006, 000, 000, 011, 011, 016, 016, 025, 
        029, 028, 028, 023, 023, 012, 012, 006, 006, 000, 000, 011, 011, 016, 016, 025, 027, 026, 026, 005, 005, 030, 030, 000, 000, 018, 018, 013, 013, 022, 022, 011, 
        027, 026, 026, 005, 005, 030, 030, 000, 000, 018, 018, 013, 013, 022, 022, 011, 018, 017, 017, 020, 020, 025, 025, 031, 031, 001, 001, 004, 004, 009, 009, 014, 
        018, 017, 017, 020, 020, 025, 025, 031, 031, 001, 001, 004, 004, 009, 009, 014, 011, 010, 010, 021, 021, 014, 014, 016, 016, 002, 002, 029, 029, 006, 006, 027, 
        011, 010, 010, 021, 021, 014, 014, 016, 016, 002, 002, 029, 029, 006, 006, 027, 000, 003, 003, 018, 018, 031, 031, 013, 013, 007, 007, 022, 022, 027, 027, 008, 
    ],
    [
        005, 004, 004, 015, 015, 020, 020, 030, 030, 024, 024, 019, 019, 008, 008, 001, 004, 007, 007, 022, 022, 027, 027, 009, 009, 003, 003, 018, 018, 031, 031, 012, 
        004, 007, 007, 022, 022, 027, 027, 009, 009, 003, 003, 018, 018, 031, 031, 012, 003, 002, 002, 029, 029, 006, 006, 024, 024, 010, 010, 021, 021, 014, 014, 019, 
        003, 002, 002, 029, 029, 006, 006, 024, 024, 010, 010, 021, 021, 014, 014, 019, 012, 015, 015, 030, 030, 019, 019, 001, 001, 011, 011, 026, 026, 023, 023, 004, 
        012, 015, 015, 030, 030, 019, 019, 001, 001, 011, 011, 026, 026, 023, 023, 004, 010, 009, 009, 012, 012, 001, 001, 007, 007, 025, 025, 028, 028, 017, 017, 022, 
        010, 009, 009, 012, 012, 001, 001, 007, 007, 025, 025, 028, 028, 017, 017, 022, 020, 023, 023, 006, 006, 011, 011, 025, 025, 019, 019, 002, 002, 015, 015, 028, 
        020, 023, 023, 006, 006, 011, 011, 025, 025, 019, 019, 002, 002, 015, 015, 028, 019, 018, 018, 013, 013, 022, 022, 008, 008, 026, 026, 005, 005, 030, 030, 003, 
        019, 018, 018, 013, 013, 022, 022, 008, 008, 026, 026, 005, 005, 030, 030, 003, 028, 031, 031, 014, 014, 003, 003, 017, 017, 027, 027, 010, 010, 007, 007, 020, 
        028, 031, 031, 014, 014, 003, 003, 017, 017, 027, 027, 010, 010, 007, 007, 020, 025, 024, 024, 019, 019, 008, 008, 002, 002, 004, 004, 015, 015, 020, 020, 029, 
    ],
    [
        010, 009, 009, 012, 012, 001, 001, 007, 007, 025, 025, 028, 028, 017, 017, 022, 009, 008, 008, 003, 003, 024, 024, 018, 018, 020, 020, 031, 031, 004, 004, 013, 
        009, 008, 008, 003, 003, 024, 024, 018, 018, 020, 020, 031, 031, 004, 004, 013, 020, 023, 023, 006, 006, 011, 011, 025, 025, 019, 019, 002, 002, 015, 015, 028, 
        020, 023, 023, 006, 006, 011, 011, 025, 025, 019, 019, 002, 002, 015, 015, 028, 013, 012, 012, 007, 007, 028, 028, 022, 022, 016, 016, 027, 027, 000, 000, 009, 
        013, 012, 012, 007, 007, 028, 028, 022, 022, 016, 016, 027, 027, 000, 000, 009, 019, 018, 018, 013, 013, 022, 022, 008, 008, 026, 026, 005, 005, 030, 030, 003, 
        019, 018, 018, 013, 013, 022, 022, 008, 008, 026, 026, 005, 005, 030, 030, 003, 001, 000, 000, 011, 011, 016, 016, 026, 026, 028, 028, 023, 023, 012, 012, 005, 
        001, 000, 000, 011, 011, 016, 016, 026, 026, 028, 028, 023, 023, 012, 012, 005, 028, 031, 031, 014, 014, 003, 003, 017, 017, 027, 027, 010, 010, 007, 007, 020, 
        028, 031, 031, 014, 014, 003, 003, 017, 017, 027, 027, 010, 010, 007, 007, 020, 005, 004, 004, 015, 015, 020, 020, 030, 030, 024, 024, 019, 019, 008, 008, 001, 
        005, 004, 004, 015, 015, 020, 020, 030, 030, 024, 024, 019, 019, 008, 008, 001, 026, 025, 025, 028, 028, 017, 017, 023, 023, 009, 009, 012, 012, 001, 001, 006, 
    ],
    [
        011, 010, 010, 021, 021, 014, 014, 016, 016, 002, 002, 029, 029, 006, 006, 027, 010, 009, 009, 012, 012, 001, 001, 007, 007, 025, 025, 028, 028, 017, 017, 022, 
        010, 009, 009, 012, 012, 001, 001, 007, 007, 025, 025, 028, 028, 017, 017, 022, 025, 024, 024, 019, 019, 008, 008, 002, 002, 004, 004, 015, 015, 020, 020, 029, 
        025, 024, 024, 019, 019, 008, 008, 002, 002, 004, 004, 015, 015, 020, 020, 029, 022, 021, 021, 016, 016, 029, 029, 027, 027, 005, 005, 000, 000, 013, 013, 010, 
        022, 021, 021, 016, 016, 029, 029, 027, 027, 005, 005, 000, 000, 013, 013, 010, 004, 007, 007, 022, 022, 027, 027, 009, 009, 003, 003, 018, 018, 031, 031, 012, 
        004, 007, 007, 022, 022, 027, 027, 009, 009, 003, 003, 018, 018, 031, 031, 012, 014, 013, 013, 008, 008, 005, 005, 003, 003, 029, 029, 024, 024, 021, 021, 018, 
        014, 013, 013, 008, 008, 005, 005, 003, 003, 029, 029, 024, 024, 021, 021, 018, 029, 028, 028, 023, 023, 012, 012, 006, 006, 000, 000, 011, 011, 016, 016, 025, 
        029, 028, 028, 023, 023, 012, 012, 006, 006, 000, 000, 011, 011, 016, 016, 025, 018, 017, 017, 020, 020, 025, 025, 031, 031, 001, 001, 004, 004, 009, 009, 014, 
        018, 017, 017, 020, 020, 025, 025, 031, 031, 001, 001, 004, 004, 009, 009, 014, 003, 002, 002, 029, 029, 006, 006, 024, 024, 010, 010, 021, 021, 014, 014, 019, 
    ],
    [
        008, 011, 011, 026, 026, 023, 023, 005, 005, 015, 015, 030, 030, 019, 019, 000, 011, 010, 010, 021, 021, 014, 014, 016, 016, 002, 002, 029, 029, 006, 006, 027, 
        011, 010, 010, 021, 021, 014, 014, 016, 016, 002, 002, 029, 029, 006, 006, 027, 002, 001, 001, 004, 004, 009, 009, 015, 015, 017, 017, 020, 020, 025, 025, 030, 
        002, 001, 001, 004, 004, 009, 009, 015, 015, 017, 017, 020, 020, 025, 025, 030, 027, 026, 026, 005, 005, 030, 030, 000, 000, 018, 018, 013, 013, 022, 022, 011, 
        027, 026, 026, 005, 005, 030, 030, 000, 000, 018, 018, 013, 013, 022, 022, 011, 017, 016, 016, 027, 027, 000, 000, 010, 010, 012, 012, 007, 007, 028, 028, 021, 
        017, 016, 016, 027, 027, 000, 000, 010, 010, 012, 012, 007, 007, 028, 028, 021, 023, 022, 022, 009, 009, 018, 018, 012, 012, 030, 030, 001, 001, 026, 026, 007, 
        023, 022, 022, 009, 009, 018, 018, 012, 012, 030, 030, 001, 001, 026, 026, 007, 030, 029, 029, 024, 024, 021, 021, 019, 019, 013, 013, 008, 008, 005, 005, 002, 
        030, 029, 029, 024, 024, 021, 021, 019, 019, 013, 013, 008, 008, 005, 005, 002, 007, 006, 006, 025, 025, 002, 002, 028, 028, 014, 014, 017, 017, 010, 010, 023, 
        007, 006, 006, 025, 025, 002, 002, 028, 028, 014, 014, 017, 017, 010, 010, 023, 012, 015, 015, 030, 030, 019, 019, 001, 001, 011, 011, 026, 026, 023, 023, 004, 
    ],
    [
        009, 008, 008, 003, 003, 024, 024, 018, 018, 020, 020, 031, 031, 004, 004, 013, 008, 011, 011, 026, 026, 023, 023, 005, 005, 015, 015, 030, 030, 019, 019, 000, 
        008, 011, 011, 026, 026, 023, 023, 005, 005, 015, 015, 030, 030, 019, 019, 000, 015, 014, 014, 017, 017, 010, 010, 020, 020, 006, 006, 025, 025, 002, 002, 031, 
        015, 014, 014, 017, 017, 010, 010, 020, 020, 006, 006, 025, 025, 002, 002, 031, 000, 003, 003, 018, 018, 031, 031, 013, 013, 007, 007, 022, 022, 027, 027, 008, 
        000, 003, 003, 018, 018, 031, 031, 013, 013, 007, 007, 022, 022, 027, 027, 008, 006, 005, 005, 000, 000, 013, 013, 011, 011, 021, 021, 016, 016, 029, 029, 026, 
        006, 005, 005, 000, 000, 013, 013, 011, 011, 021, 021, 016, 016, 029, 029, 026, 024, 027, 027, 010, 010, 007, 007, 021, 021, 031, 031, 014, 014, 003, 003, 016, 
        024, 027, 027, 010, 010, 007, 007, 021, 021, 031, 031, 014, 014, 003, 003, 016, 031, 030, 030, 001, 001, 026, 026, 004, 004, 022, 022, 009, 009, 018, 018, 015, 
        031, 030, 030, 001, 001, 026, 026, 004, 004, 022, 022, 009, 009, 018, 018, 015, 016, 019, 019, 002, 002, 015, 015, 029, 029, 023, 023, 006, 006, 011, 011, 024, 
        016, 019, 019, 002, 002, 015, 015, 029, 029, 023, 023, 006, 006, 011, 011, 024, 021, 020, 020, 031, 031, 004, 004, 014, 014, 008, 008, 003, 003, 024, 024, 017, 
    ],
    [
        014, 013, 013, 008, 008, 005, 005, 003, 003, 029, 029, 024, 024, 021, 021, 018, 013, 012, 012, 007, 007, 028, 028, 022, 022, 016, 016, 027, 027, 000, 000, 009, 
        013, 012, 012, 007, 007, 028, 028, 022, 022, 016, 016, 027, 027, 000, 000, 009, 016, 019, 019, 002, 002, 015, 015, 029, 029, 023, 023, 006, 006, 011, 011, 024, 
        016, 019, 019, 002, 002, 015, 015, 029, 029, 023, 023, 006, 006, 011, 011, 024, 009, 008, 008, 003, 003, 024, 024, 018, 018, 020, 020, 031, 031, 004, 004, 013, 
        009, 008, 008, 003, 003, 024, 024, 018, 018, 020, 020, 031, 031, 004, 004, 013, 023, 022, 022, 009, 009, 018, 018, 012, 012, 030, 030, 001, 001, 026, 026, 007, 
        023, 022, 022, 009, 009, 018, 018, 012, 012, 030, 030, 001, 001, 026, 026, 007, 005, 004, 004, 015, 015, 020, 020, 030, 030, 024, 024, 019, 019, 008, 008, 001, 
        005, 004, 004, 015, 015, 020, 020, 030, 030, 024, 024, 019, 019, 008, 008, 001, 024, 027, 027, 010, 010, 007, 007, 021, 021, 031, 031, 014, 014, 003, 003, 016, 
        024, 027, 027, 010, 010, 007, 007, 021, 021, 031, 031, 014, 014, 003, 003, 016, 001, 000, 000, 011, 011, 016, 016, 026, 026, 028, 028, 023, 023, 012, 012, 005, 
        001, 000, 000, 011, 011, 016, 016, 026, 026, 028, 028, 023, 023, 012, 012, 005, 030, 029, 029, 024, 024, 021, 021, 019, 019, 013, 013, 008, 008, 005, 005, 002, 
    ],
    [
        015, 014, 014, 017, 017, 010, 010, 020, 020, 006, 006, 025, 025, 002, 002, 031, 014, 013, 013, 008, 008, 005, 005, 003, 003, 029, 029, 024, 024, 021, 021, 018, 
        014, 013, 013, 008, 008, 005, 005, 003, 003, 029, 029, 024, 024, 021, 021, 018, 029, 028, 028, 023, 023, 012, 012, 006, 006, 000, 000, 011, 011, 016, 016, 025, 
        029, 028, 028, 023, 023, 012, 012, 006, 006, 000, 000, 011, 011, 016, 016, 025, 018, 017, 017, 020, 020, 025, 025, 031, 031, 001, 001, 004, 004, 009, 009, 014, 
        018, 017, 017, 020, 020, 025, 025, 031, 031, 001, 001, 004, 004, 009, 009, 014, 000, 003, 003, 018, 018, 031, 031, 013, 013, 007, 007, 022, 022, 027, 027, 008, 
        000, 003, 003, 018, 018, 031, 031, 013, 013, 007, 007, 022, 022, 027, 027, 008, 010, 009, 009, 012, 012, 001, 001, 007, 007, 025, 025, 028, 028, 017, 017, 022, 
        010, 009, 009, 012, 012, 001, 001, 007, 007, 025, 025, 028, 028, 017, 017, 022, 025, 024, 024, 019, 019, 008, 008, 002, 002, 004, 004, 015, 015, 020, 020, 029, 
        025, 024, 024, 019, 019, 008, 008, 002, 002, 004, 004, 015, 015, 020, 020, 029, 022, 021, 021, 016, 016, 029, 029, 027, 027, 005, 005, 000, 000, 013, 013, 010, 
        022, 021, 021, 016, 016, 029, 029, 027, 027, 005, 005, 000, 000, 013, 013, 010, 007, 006, 006, 025, 025, 002, 002, 028, 028, 014, 014, 017, 017, 010, 010, 023, 
    ],
    [
        012, 015, 015, 030, 030, 019, 019, 001, 001, 011, 011, 026, 026, 023, 023, 004, 015, 014, 014, 017, 017, 010, 010, 020, 020, 006, 006, 025, 025, 002, 002, 031, 
        015, 014, 014, 017, 017, 010, 010, 020, 020, 006, 006, 025, 025, 002, 002, 031, 006, 005, 005, 000, 000, 013, 013, 011, 011, 021, 021, 016, 016, 029, 029, 026, 
        006, 005, 005, 000, 000, 013, 013, 011, 011, 021, 021, 016, 016, 029, 029, 026, 031, 030, 030, 001, 001, 026, 026, 004, 004, 022, 022, 009, 009, 018, 018, 015, 
        031, 030, 030, 001, 001, 026, 026, 004, 004, 022, 022, 009, 009, 018, 018, 015, 021, 020, 020, 031, 031, 004, 004, 014, 014, 008, 008, 003, 003, 024, 024, 017, 
        021, 020, 020, 031, 031, 004, 004, 014, 014, 008, 008, 003, 003, 024, 024, 017, 019, 018, 018, 013, 013, 022, 022, 008, 008, 026, 026, 005, 005, 030, 030, 003, 
        019, 018, 018, 013, 013, 022, 022, 008, 008, 026, 026, 005, 005, 030, 030, 003, 026, 025, 025, 028, 028, 017, 017, 023, 023, 009, 009, 012, 012, 001, 001, 006, 
        026, 025, 025, 028, 028, 017, 017, 023, 023, 009, 009, 012, 012, 001, 001, 006, 003, 002, 002, 029, 029, 006, 006, 024, 024, 010, 010, 021, 021, 014, 014, 019, 
        003, 002, 002, 029, 029, 006, 006, 024, 024, 010, 010, 021, 021, 014, 014, 019, 008, 011, 011, 026, 026, 023, 023, 005, 005, 015, 015, 030, 030, 019, 019, 000, 
    ],
    [
        013, 012, 012, 007, 007, 028, 028, 022, 022, 016, 016, 027, 027, 000, 000, 009, 012, 015, 015, 030, 030, 019, 019, 001, 001, 011, 011, 026, 026, 023, 023, 004, 
        012, 015, 015, 030, 030, 019, 019, 001, 001, 011, 011, 026, 026, 023, 023, 004, 011, 010, 010, 021, 021, 014, 014, 016, 016, 002, 002, 029, 029, 006, 006, 027, 
        011, 010, 010, 021, 021, 014, 014, 016, 016, 002, 002, 029, 029, 006, 006, 027, 004, 007, 007, 022, 022, 027, 027, 009, 009, 003, 003, 018, 018, 031, 031, 012, 
        004, 007, 007, 022, 022, 027, 027, 009, 009, 003, 003, 018, 018, 031, 031, 012, 002, 001, 001, 004, 004, 009, 009, 015, 015, 017, 017, 020, 020, 025, 025, 030, 
        002, 001, 001, 004, 004, 009, 009, 015, 015, 017, 017, 020, 020, 025, 025, 030, 028, 031, 031, 014, 014, 003, 003, 017, 017, 027, 027, 010, 010, 007, 007, 020, 
        028, 031, 031, 014, 014, 003, 003, 017, 017, 027, 027, 010, 010, 007, 007, 020, 027, 026, 026, 005, 005, 030, 030, 000, 000, 018, 018, 013, 013, 022, 022, 011, 
        027, 026, 026, 005, 005, 030, 030, 000, 000, 018, 018, 013, 013, 022, 022, 011, 020, 023, 023, 006, 006, 011, 011, 025, 025, 019, 019, 002, 002, 015, 015, 028, 
        020, 023, 023, 006, 006, 011, 011, 025, 025, 019, 019, 002, 002, 015, 015, 028, 017, 016, 016, 027, 027, 000, 000, 010, 010, 012, 012, 007, 007, 028, 028, 021, 
    ],
    [
        018, 017, 017, 020, 020, 025, 025, 031, 031, 001, 001, 004, 004, 009, 009, 014, 017, 016, 016, 027, 027, 000, 000, 010, 010, 012, 012, 007, 007, 028, 028, 021, 
        017, 016, 016, 027, 027, 000, 000, 010, 010, 012, 012, 007, 007, 028, 028, 021, 012, 015, 015, 030, 030, 019, 019, 001, 001, 011, 011, 026, 026, 023, 023, 004, 
        012, 015, 015, 030, 030, 019, 019, 001, 001, 011, 011, 026, 026, 023, 023, 004, 021, 020, 020, 031, 031, 004, 004, 014, 014, 008, 008, 003, 003, 024, 024, 017, 
        021, 020, 020, 031, 031, 004, 004, 014, 014, 008, 008, 003, 003, 024, 024, 017, 011, 010, 010, 021, 021, 014, 014, 016, 016, 002, 002, 029, 029, 006, 006, 027, 
        011, 010, 010, 021, 021, 014, 014, 016, 016, 002, 002, 029, 029, 006, 006, 027, 025, 024, 024, 019, 019, 008, 008, 002, 002, 004, 004, 015, 015, 020, 020, 029, 
        025, 024, 024, 019, 019, 008, 008, 002, 002, 004, 004, 015, 015, 020, 020, 029, 004, 007, 007, 022, 022, 027, 027, 009, 009, 003, 003, 018, 018, 031, 031, 012, 
        004, 007, 007, 022, 022, 027, 027, 009, 009, 003, 003, 018, 018, 031, 031, 012, 029, 028, 028, 023, 023, 012, 012, 006, 006, 000, 000, 011, 011, 016, 016, 025, 
        029, 028, 028, 023, 023, 012, 012, 006, 006, 000, 000, 011, 011, 016, 016, 025, 002, 001, 001, 004, 004, 009, 009, 015, 015, 017, 017, 020, 020, 025, 025, 030, 
    ],
    [
        019, 018, 018, 013, 013, 022, 022, 008, 008, 026, 026, 005, 005, 030, 030, 003, 018, 017, 017, 020, 020, 025, 025, 031, 031, 001, 001, 004, 004, 009, 009, 014, 
        018, 017, 017, 020, 020, 025, 025, 031, 031, 001, 001, 004, 004, 009, 009, 014, 001, 000, 000, 011, 011, 016, 016, 026, 026, 028, 028, 023, 023, 012, 012, 005, 
        001, 000, 000, 011, 011, 016, 016, 026, 026, 028, 028, 023, 023, 012, 012, 005, 014, 013, 013, 008, 008, 005, 005, 003, 003, 029, 029, 024, 024, 021, 021, 018, 
        014, 013, 013, 008, 008, 005, 005, 003, 003, 029, 029, 024, 024, 021, 021, 018, 028, 031, 031, 014, 014, 003, 003, 017, 017, 027, 027, 010, 010, 007, 007, 020, 
        028, 031, 031, 014, 014, 003, 003, 017, 017, 027, 027, 010, 010, 007, 007, 020, 022, 021, 021, 016, 016, 029, 029, 027, 027, 005, 005, 000, 000, 013, 013, 010, 
        022, 021, 021, 016, 016, 029, 029, 027, 027, 005, 005, 000, 000, 013, 013, 010, 005, 004, 004, 015, 015, 020, 020, 030, 030, 024, 024, 019, 019, 008, 008, 001, 
        005, 004, 004, 015, 015, 020, 020, 030, 030, 024, 024, 019, 019, 008, 008, 001, 010, 009, 009, 012, 012, 001, 001, 007, 007, 025, 025, 028, 028, 017, 017, 022, 
        010, 009, 009, 012, 012, 001, 001, 007, 007, 025, 025, 028, 028, 017, 017, 022, 027, 026, 026, 005, 005, 030, 030, 000, 000, 018, 018, 013, 013, 022, 022, 011, 
    ],
    [
        016, 019, 019, 002, 002, 015, 015, 029, 029, 023, 023, 006, 006, 011, 011, 024, 019, 018, 018, 013, 013, 022, 022, 008, 008, 026, 026, 005, 005, 030, 030, 003, 
        019, 018, 018, 013, 013, 022, 022, 008, 008, 026, 026, 005, 005, 030, 030, 003, 026, 025, 025, 028, 028, 017, 017, 023, 023, 009, 009, 012, 012, 001, 001, 006, 
        026, 025, 025, 028, 028, 017, 017, 023, 023, 009, 009, 012, 012, 001, 001, 006, 003, 002, 002, 029, 029, 006, 006, 024, 024, 010, 010, 021, 021, 014, 014, 019, 
        003, 002, 002, 029, 029, 006, 006, 024, 024, 010, 010, 021, 021, 014, 014, 019, 009, 008, 008, 003, 003, 024, 024, 018, 018, 020, 020, 031, 031, 004, 004, 013, 
        009, 008, 008, 003, 003, 024, 024, 018, 018, 020, 020, 031, 031, 004, 004, 013, 015, 014, 014, 017, 017, 010, 010, 020, 020, 006, 006, 025, 025, 002, 002, 031, 
        015, 014, 014, 017, 017, 010, 010, 020, 020, 006, 006, 025, 025, 002, 002, 031, 006, 005, 005, 000, 000, 013, 013, 011, 011, 021, 021, 016, 016, 029, 029, 026, 
        006, 005, 005, 000, 000, 013, 013, 011, 011, 021, 021, 016, 016, 029, 029, 026, 031, 030, 030, 001, 001, 026, 026, 004, 004, 022, 022, 009, 009, 018, 018, 015, 
        031, 030, 030, 001, 001, 026, 026, 004, 004, 022, 022, 009, 009, 018, 018, 015, 020, 023, 023, 006, 006, 011, 011, 025, 025, 019, 019, 002, 002, 015, 015, 028, 
    ],
    [
        017, 016, 016, 027, 027, 000, 000, 010, 010, 012, 012, 007, 007, 028, 028, 021, 016, 019, 019, 002, 002, 015, 015, 029, 029, 023, 023, 006, 006, 011, 011, 024, 
        016, 019, 019, 002, 002, 015, 015, 029, 029, 023, 023, 006, 006, 011, 011, 024, 023, 022, 022, 009, 009, 018, 018, 012, 012, 030, 030, 001, 001, 026, 026, 007, 
        023, 022, 022, 009, 009, 018, 018, 012, 012, 030, 030, 001, 001, 026, 026, 007, 024, 027, 027, 010, 010, 007, 007, 021, 021, 031, 031, 014, 014, 003, 003, 016, 
        024, 027, 027, 010, 010, 007, 007, 021, 021, 031, 031, 014, 014, 003, 003, 016, 030, 029, 029, 024, 024, 021, 021, 019, 019, 013, 013, 008, 008, 005, 005, 002, 
        030, 029, 029, 024, 024, 021, 021, 019, 019, 013, 013, 008, 008, 005, 005, 002, 000, 003, 003, 018, 018, 031, 031, 013, 013, 007, 007, 022, 022, 027, 027, 008, 
        000, 003, 003, 018, 018, 031, 031, 013, 013, 007, 007, 022, 022, 027, 027, 008, 007, 006, 006, 025, 025, 002, 002, 028, 028, 014, 014, 017, 017, 010, 010, 023, 
        007, 006, 006, 025, 025, 002, 002, 028, 028, 014, 014, 017, 017, 010, 010, 023, 008, 011, 011, 026, 026, 023, 023, 005, 005, 015, 015, 030, 030, 019, 019, 000, 
        008, 011, 011, 026, 026, 023, 023, 005, 005, 015, 015, 030, 030, 019, 019, 000, 013, 012, 012, 007, 007, 028, 028, 022, 022, 016, 016, 027, 027, 000, 000, 009, 
    ],
    [
        022, 021, 021, 016, 016, 029, 029, 027, 027, 005, 005, 000, 000, 013, 013, 010, 021, 020, 020, 031, 031, 004, 004, 014, 014, 008, 008, 003, 003, 024, 024, 017, 
        021, 020, 020, 031, 031, 004, 004, 014, 014, 008, 008, 003, 003, 024, 024, 017, 008, 011, 011, 026, 026, 023, 023, 005, 005, 015, 015, 030, 030, 019, 019, 000, 
        008, 011, 011, 026, 026, 023, 023, 005, 005, 015, 015, 030, 030, 019, 019, 000, 017, 016, 016, 027, 027, 000, 000, 010, 010, 012, 012, 007, 007, 028, 028, 021, 
        017, 016, 016, 027, 027, 000, 000, 010, 010, 012, 012, 007, 007, 028, 028, 021, 015, 014, 014, 017, 017, 010, 010, 020, 020, 006, 006, 025, 025, 002, 002, 031, 
        015, 014, 014, 017, 017, 010, 010, 020, 020, 006, 006, 025, 025, 002, 002, 031, 029, 028, 028, 023, 023, 012, 012, 006, 006, 000, 000, 011, 011, 016, 016, 025, 
        029, 028, 028, 023, 023, 012, 012, 006, 006, 000, 000, 011, 011, 016, 016, 025, 000, 003, 003, 018, 018, 031, 031, 013, 013, 007, 007, 022, 022, 027, 027, 008, 
        000, 003, 003, 018, 018, 031, 031, 013, 013, 007, 007, 022, 022, 027, 027, 008, 025, 024, 024, 019, 019, 008, 008, 002, 002, 004, 004, 015, 015, 020, 020, 029, 
        025, 024, 024, 019, 019, 008, 008, 002, 002, 004, 004, 015, 015, 020, 020, 029, 006, 005, 005, 000, 000, 013, 013, 011, 011, 021, 021, 016, 016, 029, 029, 026, 
    ],
    [
        023, 022, 022, 009, 009, 018, 018, 012, 012, 030, 030, 001, 001, 026, 026, 007, 022, 021, 021, 016, 016, 029, 029, 027, 027, 005, 005, 000, 000, 013, 013, 010, 
        022, 021, 021, 016, 016, 029, 029, 027, 027, 005, 005, 000, 000, 013, 013, 010, 005, 004, 004, 015, 015, 020, 020, 030, 030, 024, 024, 019, 019, 008, 008, 001, 
        005, 004, 004, 015, 015, 020, 020, 030, 030, 024, 024, 019, 019, 008, 008, 001, 010, 009, 009, 012, 012, 001, 001, 007, 007, 025, 025, 028, 028, 017, 017, 022, 
        010, 009, 009, 012, 012, 001, 001, 007, 007, 025, 025, 028, 028, 017, 017, 022, 024, 027, 027, 010, 010, 007, 007, 021, 021, 031, 031, 014, 014, 003, 003, 016, 
        024, 027, 027, 010, 010, 007, 007, 021, 021, 031, 031, 014, 014, 003, 003, 016, 018, 017, 017, 020, 020, 025, 025, 031, 031, 001, 001, 004, 004, 009, 009, 014, 
        018, 017, 017, 020, 020, 025, 025, 031, 031, 001, 001, 004, 004, 009, 009, 014, 001, 000, 000, 011, 011, 016, 016, 026, 026, 028, 028, 023, 023, 012, 012, 005, 
        001, 000, 000, 011, 011, 016, 016, 026, 026, 028, 028, 023, 023, 012, 012, 005, 014, 013, 013, 008, 008, 005, 005, 003, 003, 029, 029, 024, 024, 021, 021, 018, 
        014, 013, 013, 008, 008, 005, 005, 003, 003, 029, 029, 024, 024, 021, 021, 018, 031, 030, 030, 001, 001, 026, 026, 004, 004, 022, 022, 009, 009, 018, 018, 015, 
    ],
    [
        020, 023, 023, 006, 006, 011, 011, 025, 025, 019, 019, 002, 002, 015, 015, 028, 023, 022, 022, 009, 009, 018, 018, 012, 012, 030, 030, 001, 001, 026, 026, 007, 
        023, 022, 022, 009, 009, 018, 018, 012, 012, 030, 030, 001, 001, 026, 026, 007, 030, 029, 029, 024, 024, 021, 021, 019, 019, 013, 013, 008, 008, 005, 005, 002, 
        030, 029, 029, 024, 024, 021, 021, 019, 019, 013, 013, 008, 008, 005, 005, 002, 007, 006, 006, 025, 025, 002, 002, 028, 028, 014, 014, 017, 017, 010, 010, 023, 
        007, 006, 006, 025, 025, 002, 002, 028, 028, 014, 014, 017, 017, 010, 010, 023, 013, 012, 012, 007, 007, 028, 028, 022, 022, 016, 016, 027, 027, 000, 000, 009, 
        013, 012, 012, 007, 007, 028, 028, 022, 022, 016, 016, 027, 027, 000, 000, 009, 011, 010, 010, 021, 021, 014, 014, 016, 016, 002, 002, 029, 029, 006, 006, 027, 
        011, 010, 010, 021, 021, 014, 014, 016, 016, 002, 002, 029, 029, 006, 006, 027, 002, 001, 001, 004, 004, 009, 009, 015, 015, 017, 017, 020, 020, 025, 025, 030, 
        002, 001, 001, 004, 004, 009, 009, 015, 015, 017, 017, 020, 020, 025, 025, 030, 027, 026, 026, 005, 005, 030, 030, 000, 000, 018, 018, 013, 013, 022, 022, 011, 
        027, 026, 026, 005, 005, 030, 030, 000, 000, 018, 018, 013, 013, 022, 022, 011, 016, 019, 019, 002, 002, 015, 015, 029, 029, 023, 023, 006, 006, 011, 011, 024, 
    ],
    [
        021, 020, 020, 031, 031, 004, 004, 014, 014, 008, 008, 003, 003, 024, 024, 017, 020, 023, 023, 006, 006, 011, 011, 025, 025, 019, 019, 002, 002, 015, 015, 028, 
        020, 023, 023, 006, 006, 011, 011, 025, 025, 019, 019, 002, 002, 015, 015, 028, 019, 018, 018, 013, 013, 022, 022, 008, 008, 026, 026, 005, 005, 030, 030, 003, 
        019, 018, 018, 013, 013, 022, 022, 008, 008, 026, 026, 005, 005, 030, 030, 003, 028, 031, 031, 014, 014, 003, 003, 017, 017, 027, 027, 010, 010, 007, 007, 020, 
        028, 031, 031, 014, 014, 003, 003, 017, 017, 027, 027, 010, 010, 007, 007, 020, 026, 025, 025, 028, 028, 017, 017, 023, 023, 009, 009, 012, 012, 001, 001, 006, 
        026, 025, 025, 028, 028, 017, 017, 023, 023, 009, 009, 012, 012, 001, 001, 006, 004, 007, 007, 022, 022, 027, 027, 009, 009, 003, 003, 018, 018, 031, 031, 012, 
        004, 007, 007, 022, 022, 027, 027, 009, 009, 003, 003, 018, 018, 031, 031, 012, 003, 002, 002, 029, 029, 006, 006, 024, 024, 010, 010, 021, 021, 014, 014, 019, 
        003, 002, 002, 029, 029, 006, 006, 024, 024, 010, 010, 021, 021, 014, 014, 019, 012, 015, 015, 030, 030, 019, 019, 001, 001, 011, 011, 026, 026, 023, 023, 004, 
        012, 015, 015, 030, 030, 019, 019, 001, 001, 011, 011, 026, 026, 023, 023, 004, 009, 008, 008, 003, 003, 024, 024, 018, 018, 020, 020, 031, 031, 004, 004, 013, 
    ],
    [
        026, 025, 025, 028, 028, 017, 017, 023, 023, 009, 009, 012, 012, 001, 001, 006, 025, 024, 024, 019, 019, 008, 008, 002, 002, 004, 004, 015, 015, 020, 020, 029, 
        025, 024, 024, 019, 019, 008, 008, 002, 002, 004, 004, 015, 015, 020, 020, 029, 004, 007, 007, 022, 022, 027, 027, 009, 009, 003, 003, 018, 018, 031, 031, 012, 
        004, 007, 007, 022, 022, 027, 027, 009, 009, 003, 003, 018, 018, 031, 031, 012, 029, 028, 028, 023, 023, 012, 012, 006, 006, 000, 000, 011, 011, 016, 016, 025, 
        029, 028, 028, 023, 023, 012, 012, 006, 006, 000, 000, 011, 011, 016, 016, 025, 003, 002, 002, 029, 029, 006, 006, 024, 024, 010, 010, 021, 021, 014, 014, 019, 
        003, 002, 002, 029, 029, 006, 006, 024, 024, 010, 010, 021, 021, 014, 014, 019, 017, 016, 016, 027, 027, 000, 000, 010, 010, 012, 012, 007, 007, 028, 028, 021, 
        017, 016, 016, 027, 027, 000, 000, 010, 010, 012, 012, 007, 007, 028, 028, 021, 012, 015, 015, 030, 030, 019, 019, 001, 001, 011, 011, 026, 026, 023, 023, 004, 
        012, 015, 015, 030, 030, 019, 019, 001, 001, 011, 011, 026, 026, 023, 023, 004, 021, 020, 020, 031, 031, 004, 004, 014, 014, 008, 008, 003, 003, 024, 024, 017, 
        021, 020, 020, 031, 031, 004, 004, 014, 014, 008, 008, 003, 003, 024, 024, 017, 010, 009, 009, 012, 012, 001, 001, 007, 007, 025, 025, 028, 028, 017, 017, 022, 
    ],
    [
        027, 026, 026, 005, 005, 030, 030, 000, 000, 018, 018, 013, 013, 022, 022, 011, 026, 025, 025, 028, 028, 017, 017, 023, 023, 009, 009, 012, 012, 001, 001, 006, 
        026, 025, 025, 028, 028, 017, 017, 023, 023, 009, 009, 012, 012, 001, 001, 006, 009, 008, 008, 003, 003, 024, 024, 018, 018, 020, 020, 031, 031, 004, 004, 013, 
        009, 008, 008, 003, 003, 024, 024, 018, 018, 020, 020, 031, 031, 004, 004, 013, 006, 005, 005, 000, 000, 013, 013, 011, 011, 021, 021, 016, 016, 029, 029, 026, 
        006, 005, 005, 000, 000, 013, 013, 011, 011, 021, 021, 016, 016, 029, 029, 026, 020, 023, 023, 006, 006, 011, 011, 025, 025, 019, 019, 002, 002, 015, 015, 028, 
        020, 023, 023, 006, 006, 011, 011, 025, 025, 019, 019, 002, 002, 015, 015, 028, 030, 029, 029, 024, 024, 021, 021, 019, 019, 013, 013, 008, 008, 005, 005, 002, 
        030, 029, 029, 024, 024, 021, 021, 019, 019, 013, 013, 008, 008, 005, 005, 002, 013, 012, 012, 007, 007, 028, 028, 022, 022, 016, 016, 027, 027, 000, 000, 009, 
        013, 012, 012, 007, 007, 028, 028, 022, 022, 016, 016, 027, 027, 000, 000, 009, 002, 001, 001, 004, 004, 009, 009, 015, 015, 017, 017, 020, 020, 025, 025, 030, 
        002, 001, 001, 004, 004, 009, 009, 015, 015, 017, 017, 020, 020, 025, 025, 030, 019, 018, 018, 013, 013, 022, 022, 008, 008, 026, 026, 005, 005, 030, 030, 003, 
    ],
    [
        024, 027, 027, 010, 010, 007, 007, 021, 021, 031, 031, 014, 014, 003, 003, 016, 027, 026, 026, 005, 005, 030, 030, 000, 000, 018, 018, 013, 013, 022, 022, 011, 
        027, 026, 026, 005, 005, 030, 030, 000, 000, 018, 018, 013, 013, 022, 022, 011, 018, 017, 017, 020, 020, 025, 025, 031, 031, 001, 001, 004, 004, 009, 009, 014, 
        018, 017, 017, 020, 020, 025, 025, 031, 031, 001, 001, 004, 004, 009, 009, 014, 011, 010, 010, 021, 021, 014, 014, 016, 016, 002, 002, 029, 029, 006, 006, 027, 
        011, 010, 010, 021, 021, 014, 014, 016, 016, 002, 002, 029, 029, 006, 006, 027, 001, 000, 000, 011, 011, 016, 016, 026, 026, 028, 028, 023, 023, 012, 012, 005, 
        001, 000, 000, 011, 011, 016, 016, 026, 026, 028, 028, 023, 023, 012, 012, 005, 007, 006, 006, 025, 025, 002, 002, 028, 028, 014, 014, 017, 017, 010, 010, 023, 
        007, 006, 006, 025, 025, 002, 002, 028, 028, 014, 014, 017, 017, 010, 010, 023, 014, 013, 013, 008, 008, 005, 005, 003, 003, 029, 029, 024, 024, 021, 021, 018, 
        014, 013, 013, 008, 008, 005, 005, 003, 003, 029, 029, 024, 024, 021, 021, 018, 023, 022, 022, 009, 009, 018, 018, 012, 012, 030, 030, 001, 001, 026, 026, 007, 
        023, 022, 022, 009, 009, 018, 018, 012, 012, 030, 030, 001, 001, 026, 026, 007, 028, 031, 031, 014, 014, 003, 003, 017, 017, 027, 027, 010, 010, 007, 007, 020, 
    ],
    [
        025, 024, 024, 019, 019, 008, 008, 002, 002, 004, 004, 015, 015, 020, 020, 029, 024, 027, 027, 010, 010, 007, 007, 021, 021, 031, 031, 014, 014, 003, 003, 016, 
        024, 027, 027, 010, 010, 007, 007, 021, 021, 031, 031, 014, 014, 003, 003, 016, 031, 030, 030, 001, 001, 026, 026, 004, 004, 022, 022, 009, 009, 018, 018, 015, 
        031, 030, 030, 001, 001, 026, 026, 004, 004, 022, 022, 009, 009, 018, 018, 015, 016, 019, 019, 002, 002, 015, 015, 029, 029, 023, 023, 006, 006, 011, 011, 024, 
        016, 019, 019, 002, 002, 015, 015, 029, 029, 023, 023, 006, 006, 011, 011, 024, 022, 021, 021, 016, 016, 029, 029, 027, 027, 005, 005, 000, 000, 013, 013, 010, 
        022, 021, 021, 016, 016, 029, 029, 027, 027, 005, 005, 000, 000, 013, 013, 010, 008, 011, 011, 026, 026, 023, 023, 005, 005, 015, 015, 030, 030, 019, 019, 000, 
        008, 011, 011, 026, 026, 023, 023, 005, 005, 015, 015, 030, 030, 019, 019, 000, 015, 014, 014, 017, 017, 010, 010, 020, 020, 006, 006, 025, 025, 002, 002, 031, 
        015, 014, 014, 017, 017, 010, 010, 020, 020, 006, 006, 025, 025, 002, 002, 031, 000, 003, 003, 018, 018, 031, 031, 013, 013, 007, 007, 022, 022, 027, 027, 008, 
        000, 003, 003, 018, 018, 031, 031, 013, 013, 007, 007, 022, 022, 027, 027, 008, 005, 004, 004, 015, 015, 020, 020, 030, 030, 024, 024, 019, 019, 008, 008, 001, 
    ],
    [
        030, 029, 029, 024, 024, 021, 021, 019, 019, 013, 013, 008, 008, 005, 005, 002, 029, 028, 028, 023, 023, 012, 012, 006, 006, 000, 000, 011, 011, 016, 016, 025, 
        029, 028, 028, 023, 023, 012, 012, 006, 006, 000, 000, 011, 011, 016, 016, 025, 000, 003, 003, 018, 018, 031, 031, 013, 013, 007, 007, 022, 022, 027, 027, 008, 
        000, 003, 003, 018, 018, 031, 031, 013, 013, 007, 007, 022, 022, 027, 027, 008, 025, 024, 024, 019, 019, 008, 008, 002, 002, 004, 004, 015, 015, 020, 020, 029, 
        025, 024, 024, 019, 019, 008, 008, 002, 002, 004, 004, 015, 015, 020, 020, 029, 007, 006, 006, 025, 025, 002, 002, 028, 028, 014, 014, 017, 017, 010, 010, 023, 
        007, 006, 006, 025, 025, 002, 002, 028, 028, 014, 014, 017, 017, 010, 010, 023, 021, 020, 020, 031, 031, 004, 004, 014, 014, 008, 008, 003, 003, 024, 024, 017, 
        021, 020, 020, 031, 031, 004, 004, 014, 014, 008, 008, 003, 003, 024, 024, 017, 008, 011, 011, 026, 026, 023, 023, 005, 005, 015, 015, 030, 030, 019, 019, 000, 
        008, 011, 011, 026, 026, 023, 023, 005, 005, 015, 015, 030, 030, 019, 019, 000, 017, 016, 016, 027, 027, 000, 000, 010, 010, 012, 012, 007, 007, 028, 028, 021, 
        017, 016, 016, 027, 027, 000, 000, 010, 010, 012, 012, 007, 007, 028, 028, 021, 014, 013, 013, 008, 008, 005, 005, 003, 003, 029, 029, 024, 024, 021, 021, 018, 
    ],
    [
        031, 030, 030, 001, 001, 026, 026, 004, 004, 022, 022, 009, 009, 018, 018, 015, 030, 029, 029, 024, 024, 021, 021, 019, 019, 013, 013, 008, 008, 005, 005, 002, 
        030, 029, 029, 024, 024, 021, 021, 019, 019, 013, 013, 008, 008, 005, 005, 002, 013, 012, 012, 007, 007, 028, 028, 022, 022, 016, 016, 027, 027, 000, 000, 009, 
        013, 012, 012, 007, 007, 028, 028, 022, 022, 016, 016, 027, 027, 000, 000, 009, 002, 001, 001, 004, 004, 009, 009, 015, 015, 017, 017, 020, 020, 025, 025, 030, 
        002, 001, 001, 004, 004, 009, 009, 015, 015, 017, 017, 020, 020, 025, 025, 030, 016, 019, 019, 002, 002, 015, 015, 029, 029, 023, 023, 006, 006, 011, 011, 024, 
        016, 019, 019, 002, 002, 015, 015, 029, 029, 023, 023, 006, 006, 011, 011, 024, 026, 025, 025, 028, 028, 017, 017, 023, 023, 009, 009, 012, 012, 001, 001, 006, 
        026, 025, 025, 028, 028, 017, 017, 023, 023, 009, 009, 012, 012, 001, 001, 006, 009, 008, 008, 003, 003, 024, 024, 018, 018, 020, 020, 031, 031, 004, 004, 013, 
        009, 008, 008, 003, 003, 024, 024, 018, 018, 020, 020, 031, 031, 004, 004, 013, 006, 005, 005, 000, 000, 013, 013, 011, 011, 021, 021, 016, 016, 029, 029, 026, 
        006, 005, 005, 000, 000, 013, 013, 011, 011, 021, 021, 016, 016, 029, 029, 026, 023, 022, 022, 009, 009, 018, 018, 012, 012, 030, 030, 001, 001, 026, 026, 007, 
    ],
    [
        028, 031, 031, 014, 014, 003, 003, 017, 017, 027, 027, 010, 010, 007, 007, 020, 031, 030, 030, 001, 001, 026, 026, 004, 004, 022, 022, 009, 009, 018, 018, 015, 
        031, 030, 030, 001, 001, 026, 026, 004, 004, 022, 022, 009, 009, 018, 018, 015, 022, 021, 021, 016, 016, 029, 029, 027, 027, 005, 005, 000, 000, 013, 013, 010, 
        022, 021, 021, 016, 016, 029, 029, 027, 027, 005, 005, 000, 000, 013, 013, 010, 015, 014, 014, 017, 017, 010, 010, 020, 020, 006, 006, 025, 025, 002, 002, 031, 
        015, 014, 014, 017, 017, 010, 010, 020, 020, 006, 006, 025, 025, 002, 002, 031, 005, 004, 004, 015, 015, 020, 020, 030, 030, 024, 024, 019, 019, 008, 008, 001, 
        005, 004, 004, 015, 015, 020, 020, 030, 030, 024, 024, 019, 019, 008, 008, 001, 003, 002, 002, 029, 029, 006, 006, 024, 024, 010, 010, 021, 021, 014, 014, 019, 
        003, 002, 002, 029, 029, 006, 006, 024, 024, 010, 010, 021, 021, 014, 014, 019, 010, 009, 009, 012, 012, 001, 001, 007, 007, 025, 025, 028, 028, 017, 017, 022, 
        010, 009, 009, 012, 012, 001, 001, 007, 007, 025, 025, 028, 028, 017, 017, 022, 019, 018, 018, 013, 013, 022, 022, 008, 008, 026, 026, 005, 005, 030, 030, 003, 
        019, 018, 018, 013, 013, 022, 022, 008, 008, 026, 026, 005, 005, 030, 030, 003, 024, 027, 027, 010, 010, 007, 007, 021, 021, 031, 031, 014, 014, 003, 003, 016, 
    ],
    [
        029, 028, 028, 023, 023, 012, 012, 006, 006, 000, 000, 011, 011, 016, 016, 025, 028, 031, 031, 014, 014, 003, 003, 017, 017, 027, 027, 010, 010, 007, 007, 020, 
        028, 031, 031, 014, 014, 003, 003, 017, 017, 027, 027, 010, 010, 007, 007, 020, 027, 026, 026, 005, 005, 030, 030, 000, 000, 018, 018, 013, 013, 022, 022, 011, 
        027, 026, 026, 005, 005, 030, 030, 000, 000, 018, 018, 013, 013, 022, 022, 011, 020, 023, 023, 006, 006, 011, 011, 025, 025, 019, 019, 002, 002, 015, 015, 028, 
        020, 023, 023, 006, 006, 011, 011, 025, 025, 019, 019, 002, 002, 015, 015, 028, 018, 017, 017, 020, 020, 025, 025, 031, 031, 001, 001, 004, 004, 009, 009, 014, 
        018, 017, 017, 020, 020, 025, 025, 031, 031, 001, 001, 004, 004, 009, 009, 014, 012, 015, 015, 030, 030, 019, 019, 001, 001, 011, 011, 026, 026, 023, 023, 004, 
        012, 015, 015, 030, 030, 019, 019, 001, 001, 011, 011, 026, 026, 023, 023, 004, 011, 010, 010, 021, 021, 014, 014, 016, 016, 002, 002, 029, 029, 006, 006, 027, 
        011, 010, 010, 021, 021, 014, 014, 016, 016, 002, 002, 029, 029, 006, 006, 027, 004, 007, 007, 022, 022, 027, 027, 009, 009, 003, 003, 018, 018, 031, 031, 012, 
        004, 007, 007, 022, 022, 027, 027, 009, 009, 003, 003, 018, 018, 031, 031, 012, 001, 000, 000, 011, 011, 016, 016, 026, 026, 028, 028, 023, 023, 012, 012, 005, 
    ],
]
