[
    [
        000, 001, 003, 002, 007, 006, 004, 005, 026, 025, 029, 030, 027, 024, 028, 031, 060, 061, 063, 062, 059, 058, 056, 057, 034, 033, 037, 038, 035, 032, 036, 039, 
        008, 015, 009, 014, 011, 012, 010, 013, 016, 023, 017, 022, 019, 020, 018, 021, 054, 049, 055, 048, 053, 050, 052, 051, 046, 041, 047, 040, 045, 042, 044, 043, 
    ],
    [
        000, 003, 007, 004, 001, 002, 006, 005, 060, 063, 059, 056, 061, 062, 058, 057, 008, 009, 011, 010, 015, 014, 012, 013, 054, 055, 053, 052, 049, 048, 050, 051, 
        026, 029, 027, 028, 025, 030, 024, 031, 034, 037, 035, 036, 033, 038, 032, 039, 016, 017, 019, 018, 023, 022, 020, 021, 046, 047, 045, 044, 041, 040, 042, 043, 
    ],
    [
        000, 007, 001, 006, 003, 004, 002, 005, 008, 011, 015, 012, 009, 010, 014, 013, 026, 027, 025, 024, 029, 028, 030, 031, 016, 019, 023, 020, 017, 018, 022, 021, 
        060, 059, 061, 058, 063, 056, 062, 057, 054, 053, 049, 050, 055, 052, 048, 051, 034, 035, 033, 032, 037, 036, 038, 039, 046, 045, 041, 042, 047, 044, 040, 043, 
    ],
    [
        038, 037, 033, 034, 039, 036, 032, 035, 062, 063, 061, 060, 057, 056, 058, 059, 030, 029, 025, 026, 031, 028, 024, 027, 002, 003, 001, 000, 005, 004, 006, 007, 
        040, 047, 041, 046, 043, 044, 042, 045, 048, 055, 049, 054, 051, 052, 050, 053, 022, 017, 023, 016, 021, 018, 020, 019, 014, 009, 015, 008, 013, 010, 012, 011, 
    ],
    [
        052, 053, 055, 054, 051, 050, 048, 049, 010, 011, 009, 008, 013, 012, 014, 015, 056, 059, 063, 060, 057, 058, 062, 061, 004, 007, 003, 000, 005, 006, 002, 001, 
        044, 045, 047, 046, 043, 042, 040, 041, 018, 019, 017, 016, 021, 020, 022, 023, 036, 035, 037, 034, 039, 032, 038, 033, 028, 027, 029, 026, 031, 024, 030, 025, 
    ],
    [
        020, 023, 019, 016, 021, 022, 018, 017, 024, 025, 027, 026, 031, 030, 028, 029, 012, 015, 011, 008, 013, 014, 010, 009, 006, 001, 007, 000, 005, 002, 004, 003, 
        042, 041, 045, 046, 043, 040, 044, 047, 032, 033, 035, 034, 039, 038, 036, 037, 050, 049, 053, 054, 051, 048, 052, 055, 058, 061, 059, 060, 057, 062, 056, 063, 
    ],
    [
        052, 051, 053, 050, 055, 048, 054, 049, 044, 043, 045, 042, 047, 040, 046, 041, 010, 013, 011, 012, 009, 014, 008, 015, 018, 021, 019, 020, 017, 022, 016, 023, 
        056, 057, 059, 058, 063, 062, 060, 061, 036, 039, 035, 032, 037, 038, 034, 033, 004, 005, 007, 006, 003, 002, 000, 001, 028, 031, 027, 024, 029, 030, 026, 025, 
    ],
    [
        020, 021, 023, 022, 019, 018, 016, 017, 042, 043, 041, 040, 045, 044, 046, 047, 024, 031, 025, 030, 027, 028, 026, 029, 032, 039, 033, 038, 035, 036, 034, 037, 
        012, 013, 015, 014, 011, 010, 008, 009, 050, 051, 049, 048, 053, 052, 054, 055, 006, 005, 001, 002, 007, 004, 000, 003, 058, 057, 061, 062, 059, 056, 060, 063, 
    ],
    [
        038, 039, 037, 036, 033, 032, 034, 035, 040, 043, 047, 044, 041, 042, 046, 045, 062, 057, 063, 056, 061, 058, 060, 059, 048, 051, 055, 052, 049, 050, 054, 053, 
        030, 031, 029, 028, 025, 024, 026, 027, 022, 021, 017, 018, 023, 020, 016, 019, 002, 005, 003, 004, 001, 006, 000, 007, 014, 013, 009, 010, 015, 012, 008, 011, 
    ],
    [
        020, 019, 021, 018, 023, 016, 022, 017, 012, 011, 013, 010, 015, 008, 014, 009, 042, 045, 043, 044, 041, 046, 040, 047, 050, 053, 051, 052, 049, 054, 048, 055, 
        024, 027, 031, 028, 025, 026, 030, 029, 006, 007, 005, 004, 001, 000, 002, 003, 032, 035, 039, 036, 033, 034, 038, 037, 058, 059, 057, 056, 061, 060, 062, 063, 
    ],
    [
        038, 033, 039, 032, 037, 034, 036, 035, 030, 025, 031, 024, 029, 026, 028, 027, 040, 041, 043, 042, 047, 046, 044, 045, 022, 023, 021, 020, 017, 016, 018, 019, 
        062, 061, 057, 058, 063, 060, 056, 059, 002, 001, 005, 006, 003, 000, 004, 007, 048, 049, 051, 050, 055, 054, 052, 053, 014, 015, 013, 012, 009, 008, 010, 011, 
    ],
    [
        052, 055, 051, 048, 053, 054, 050, 049, 056, 063, 057, 062, 059, 060, 058, 061, 044, 047, 043, 040, 045, 046, 042, 041, 036, 037, 039, 038, 035, 034, 032, 033, 
        010, 009, 013, 014, 011, 008, 012, 015, 004, 003, 005, 002, 007, 000, 006, 001, 018, 017, 021, 022, 019, 016, 020, 023, 028, 029, 031, 030, 027, 026, 024, 025, 
    ],
]
