[
    [
        000, 001, 003, 002, 006, 007, 005, 004, 032, 034, 038, 036, 037, 039, 035, 033, 040, 042, 046, 044, 045, 047, 043, 041, 013, 009, 008, 012, 014, 010, 011, 015, 
        029, 025, 024, 028, 030, 026, 027, 031, 059, 057, 061, 063, 062, 060, 056, 058, 051, 049, 053, 055, 054, 052, 048, 050, 022, 023, 021, 020, 016, 017, 019, 018, 
    ],
    [
        000, 004, 005, 001, 003, 007, 006, 002, 016, 017, 019, 018, 022, 023, 021, 020, 048, 049, 051, 050, 054, 055, 053, 052, 038, 036, 032, 034, 035, 033, 037, 039, 
        046, 044, 040, 042, 043, 041, 045, 047, 061, 060, 062, 063, 059, 058, 056, 057, 029, 028, 030, 031, 027, 026, 024, 025, 011, 015, 014, 010, 008, 012, 013, 009, 
    ],
    [
        000, 002, 006, 004, 005, 007, 003, 001, 008, 012, 013, 009, 011, 015, 014, 010, 024, 028, 029, 025, 027, 031, 030, 026, 019, 018, 016, 017, 021, 020, 022, 023, 
        051, 050, 048, 049, 053, 052, 054, 055, 062, 058, 059, 063, 061, 057, 056, 060, 046, 042, 043, 047, 045, 041, 040, 044, 037, 039, 035, 033, 032, 034, 038, 036, 
    ],
    [
        027, 026, 024, 025, 029, 028, 030, 031, 059, 057, 061, 063, 062, 060, 056, 058, 051, 049, 053, 055, 054, 052, 048, 050, 022, 018, 019, 023, 021, 017, 016, 020, 
        006, 002, 003, 007, 005, 001, 000, 004, 032, 034, 038, 036, 037, 039, 035, 033, 040, 042, 046, 044, 045, 047, 043, 041, 013, 012, 014, 015, 011, 010, 008, 009, 
    ],
    [
        027, 031, 030, 026, 024, 028, 029, 025, 011, 010, 008, 009, 013, 012, 014, 015, 043, 042, 040, 041, 045, 044, 046, 047, 061, 063, 059, 057, 056, 058, 062, 060, 
        053, 055, 051, 049, 048, 050, 054, 052, 038, 039, 037, 036, 032, 033, 035, 034, 006, 007, 005, 004, 000, 001, 003, 002, 016, 020, 021, 017, 019, 023, 022, 018, 
    ],
    [
        027, 025, 029, 031, 030, 028, 024, 026, 019, 023, 022, 018, 016, 020, 021, 017, 003, 007, 006, 002, 000, 004, 005, 001, 008, 009, 011, 010, 014, 015, 013, 012, 
        040, 041, 043, 042, 046, 047, 045, 044, 037, 033, 032, 036, 038, 034, 035, 039, 053, 049, 048, 052, 054, 050, 051, 055, 062, 060, 056, 058, 059, 057, 061, 063, 
    ],
    [
        054, 055, 053, 052, 048, 049, 051, 050, 022, 020, 016, 018, 019, 017, 021, 023, 030, 028, 024, 026, 027, 025, 029, 031, 059, 063, 062, 058, 056, 060, 061, 057, 
        043, 047, 046, 042, 040, 044, 045, 041, 013, 015, 011, 009, 008, 010, 014, 012, 005, 007, 003, 001, 000, 002, 006, 004, 032, 033, 035, 034, 038, 039, 037, 036, 
    ],
    [
        054, 050, 051, 055, 053, 049, 048, 052, 038, 039, 037, 036, 032, 033, 035, 034, 006, 007, 005, 004, 000, 001, 003, 002, 016, 018, 022, 020, 021, 023, 019, 017, 
        024, 026, 030, 028, 029, 031, 027, 025, 011, 010, 008, 009, 013, 012, 014, 015, 043, 042, 040, 041, 045, 044, 046, 047, 061, 057, 056, 060, 062, 058, 059, 063, 
    ],
    [
        054, 052, 048, 050, 051, 049, 053, 055, 062, 058, 059, 063, 061, 057, 056, 060, 046, 042, 043, 047, 045, 041, 040, 044, 037, 036, 038, 039, 035, 034, 032, 033, 
        005, 004, 006, 007, 003, 002, 000, 001, 008, 012, 013, 009, 011, 015, 014, 010, 024, 028, 029, 025, 027, 031, 030, 026, 019, 017, 021, 023, 022, 020, 016, 018, 
    ],
    [
        045, 044, 046, 047, 043, 042, 040, 041, 013, 015, 011, 009, 008, 010, 014, 012, 005, 007, 003, 001, 000, 002, 006, 004, 032, 036, 037, 033, 035, 039, 038, 034, 
        048, 052, 053, 049, 051, 055, 054, 050, 022, 020, 016, 018, 019, 017, 021, 023, 030, 028, 024, 026, 027, 025, 029, 031, 059, 058, 056, 057, 061, 060, 062, 063, 
    ],
    [
        045, 041, 040, 044, 046, 042, 043, 047, 061, 060, 062, 063, 059, 058, 056, 057, 029, 028, 030, 031, 027, 026, 024, 025, 011, 009, 013, 015, 014, 012, 008, 010, 
        003, 001, 005, 007, 006, 004, 000, 002, 016, 017, 019, 018, 022, 023, 021, 020, 048, 049, 051, 050, 054, 055, 053, 052, 038, 034, 035, 039, 037, 033, 032, 036, 
    ],
    [
        045, 047, 043, 041, 040, 042, 046, 044, 037, 033, 032, 036, 038, 034, 035, 039, 053, 049, 048, 052, 054, 050, 051, 055, 062, 063, 061, 060, 056, 057, 059, 058, 
        030, 031, 029, 028, 024, 025, 027, 026, 019, 023, 022, 018, 016, 020, 021, 017, 003, 007, 006, 002, 000, 004, 005, 001, 008, 010, 014, 012, 013, 015, 011, 009, 
    ],
]
