[
    [
        000, 001, 003, 002, 014, 015, 013, 012, 004, 007, 005, 006, 008, 011, 009, 010, 016, 019, 017, 018, 020, 021, 023, 022, 030, 029, 031, 028, 024, 025, 027, 026, 
        058, 057, 059, 056, 054, 053, 055, 052, 060, 061, 063, 062, 050, 051, 049, 048, 032, 035, 033, 034, 036, 037, 039, 038, 046, 045, 047, 044, 040, 041, 043, 042, 
        234, 235, 233, 232, 236, 239, 237, 238, 230, 231, 229, 228, 226, 225, 227, 224, 240, 241, 243, 242, 254, 255, 253, 252, 244, 247, 245, 246, 248, 251, 249, 250, 
        218, 219, 217, 216, 220, 223, 221, 222, 214, 215, 213, 212, 210, 209, 211, 208, 202, 201, 203, 200, 198, 197, 199, 196, 204, 205, 207, 206, 194, 195, 193, 192, 
        064, 067, 065, 066, 068, 069, 071, 070, 078, 077, 079, 076, 072, 073, 075, 074, 122, 123, 121, 120, 124, 127, 125, 126, 118, 119, 117, 116, 114, 113, 115, 112, 
        080, 081, 083, 082, 094, 095, 093, 092, 084, 087, 085, 086, 088, 091, 089, 090, 096, 097, 099, 098, 110, 111, 109, 108, 100, 103, 101, 102, 104, 107, 105, 106, 
        128, 131, 129, 130, 132, 133, 135, 134, 142, 141, 143, 140, 136, 137, 139, 138, 186, 187, 185, 184, 188, 191, 189, 190, 182, 183, 181, 180, 178, 177, 179, 176, 
        144, 145, 147, 146, 158, 159, 157, 156, 148, 151, 149, 150, 152, 155, 153, 154, 160, 161, 163, 162, 174, 175, 173, 172, 164, 167, 165, 166, 168, 171, 169, 170, 
    ],
    [
        000, 003, 001, 002, 004, 005, 007, 006, 014, 013, 015, 012, 008, 009, 011, 010, 058, 059, 057, 056, 060, 063, 061, 062, 054, 055, 053, 052, 050, 049, 051, 048, 
        016, 017, 019, 018, 030, 031, 029, 028, 020, 023, 021, 022, 024, 027, 025, 026, 032, 033, 035, 034, 046, 047, 045, 044, 036, 039, 037, 038, 040, 043, 041, 042, 
        064, 065, 067, 066, 078, 079, 077, 076, 068, 071, 069, 070, 072, 075, 073, 074, 080, 083, 081, 082, 084, 085, 087, 086, 094, 093, 095, 092, 088, 089, 091, 090, 
        122, 121, 123, 120, 118, 117, 119, 116, 124, 125, 127, 126, 114, 115, 113, 112, 096, 099, 097, 098, 100, 101, 103, 102, 110, 109, 111, 108, 104, 105, 107, 106, 
        234, 233, 235, 232, 230, 229, 231, 228, 236, 237, 239, 238, 226, 227, 225, 224, 218, 217, 219, 216, 214, 213, 215, 212, 220, 221, 223, 222, 210, 211, 209, 208, 
        240, 243, 241, 242, 244, 245, 247, 246, 254, 253, 255, 252, 248, 249, 251, 250, 202, 203, 201, 200, 204, 207, 205, 206, 198, 199, 197, 196, 194, 193, 195, 192, 
        128, 129, 131, 130, 142, 143, 141, 140, 132, 135, 133, 134, 136, 139, 137, 138, 144, 147, 145, 146, 148, 149, 151, 150, 158, 157, 159, 156, 152, 153, 155, 154, 
        186, 185, 187, 184, 182, 181, 183, 180, 188, 189, 191, 190, 178, 179, 177, 176, 160, 163, 161, 162, 164, 165, 167, 166, 174, 173, 175, 172, 168, 169, 171, 170, 
    ],
    [
        170, 169, 171, 168, 166, 165, 167, 164, 172, 173, 175, 174, 162, 163, 161, 160, 154, 153, 155, 152, 150, 149, 151, 148, 156, 157, 159, 158, 146, 147, 145, 144, 
        176, 179, 177, 178, 180, 181, 183, 182, 190, 189, 191, 188, 184, 185, 187, 186, 138, 139, 137, 136, 140, 143, 141, 142, 134, 135, 133, 132, 130, 129, 131, 128, 
        106, 105, 107, 104, 102, 101, 103, 100, 108, 109, 111, 110, 098, 099, 097, 096, 090, 089, 091, 088, 086, 085, 087, 084, 092, 093, 095, 094, 082, 083, 081, 080, 
        112, 115, 113, 114, 116, 117, 119, 118, 126, 125, 127, 124, 120, 121, 123, 122, 074, 075, 073, 072, 076, 079, 077, 078, 070, 071, 069, 068, 066, 065, 067, 064, 
        192, 193, 195, 194, 206, 207, 205, 204, 196, 199, 197, 198, 200, 203, 201, 202, 208, 211, 209, 210, 212, 213, 215, 214, 222, 221, 223, 220, 216, 217, 219, 218, 
        250, 249, 251, 248, 246, 245, 247, 244, 252, 253, 255, 254, 242, 243, 241, 240, 224, 227, 225, 226, 228, 229, 231, 230, 238, 237, 239, 236, 232, 233, 235, 234, 
        042, 043, 041, 040, 044, 047, 045, 046, 038, 039, 037, 036, 034, 033, 035, 032, 048, 049, 051, 050, 062, 063, 061, 060, 052, 055, 053, 054, 056, 059, 057, 058, 
        026, 027, 025, 024, 028, 031, 029, 030, 022, 023, 021, 020, 018, 017, 019, 016, 010, 009, 011, 008, 006, 005, 007, 004, 012, 013, 015, 014, 002, 003, 001, 000, 
    ],
    [
        170, 171, 169, 168, 172, 175, 173, 174, 166, 167, 165, 164, 162, 161, 163, 160, 176, 177, 179, 178, 190, 191, 189, 188, 180, 183, 181, 182, 184, 187, 185, 186, 
        154, 155, 153, 152, 156, 159, 157, 158, 150, 151, 149, 148, 146, 145, 147, 144, 138, 137, 139, 136, 134, 133, 135, 132, 140, 141, 143, 142, 130, 131, 129, 128, 
        192, 195, 193, 194, 196, 197, 199, 198, 206, 205, 207, 204, 200, 201, 203, 202, 250, 251, 249, 248, 252, 255, 253, 254, 246, 247, 245, 244, 242, 241, 243, 240, 
        208, 209, 211, 210, 222, 223, 221, 220, 212, 215, 213, 214, 216, 219, 217, 218, 224, 225, 227, 226, 238, 239, 237, 236, 228, 231, 229, 230, 232, 235, 233, 234, 
        106, 107, 105, 104, 108, 111, 109, 110, 102, 103, 101, 100, 098, 097, 099, 096, 112, 113, 115, 114, 126, 127, 125, 124, 116, 119, 117, 118, 120, 123, 121, 122, 
        090, 091, 089, 088, 092, 095, 093, 094, 086, 087, 085, 084, 082, 081, 083, 080, 074, 073, 075, 072, 070, 069, 071, 068, 076, 077, 079, 078, 066, 067, 065, 064, 
        042, 041, 043, 040, 038, 037, 039, 036, 044, 045, 047, 046, 034, 035, 033, 032, 026, 025, 027, 024, 022, 021, 023, 020, 028, 029, 031, 030, 018, 019, 017, 016, 
        048, 051, 049, 050, 052, 053, 055, 054, 062, 061, 063, 060, 056, 057, 059, 058, 010, 011, 009, 008, 012, 015, 013, 014, 006, 007, 005, 004, 002, 001, 003, 000, 
    ],
]
