[
    [
        001, 000, 000, 005, 005, 006, 006, 010, 000, 002, 002, 007, 007, 011, 011, 003, 000, 002, 002, 007, 007, 011, 011, 003, 011, 010, 010, 000, 000, 007, 007, 005, 
        011, 010, 010, 000, 000, 007, 007, 005, 003, 005, 005, 010, 010, 008, 008, 000, 003, 005, 005, 010, 010, 008, 008, 000, 007, 006, 006, 011, 011, 000, 000, 004, 
    ],
    [
        002, 001, 001, 009, 009, 004, 004, 008, 001, 000, 000, 005, 005, 006, 006, 010, 001, 000, 000, 005, 005, 006, 006, 010, 006, 008, 008, 001, 001, 005, 005, 009, 
        006, 008, 008, 001, 001, 005, 005, 009, 010, 009, 009, 008, 008, 003, 003, 001, 010, 009, 009, 008, 008, 003, 003, 001, 005, 004, 004, 006, 006, 001, 001, 011, 
    ],
    [
        000, 002, 002, 007, 007, 011, 011, 003, 002, 001, 001, 009, 009, 004, 004, 008, 002, 001, 001, 009, 009, 004, 004, 008, 004, 003, 003, 002, 002, 009, 009, 007, 
        004, 003, 003, 002, 002, 009, 009, 007, 008, 007, 007, 003, 003, 010, 010, 002, 008, 007, 007, 003, 003, 010, 010, 002, 009, 011, 011, 004, 004, 002, 002, 006, 
    ],
    [
        004, 003, 003, 002, 002, 009, 009, 007, 003, 005, 005, 010, 010, 008, 008, 000, 003, 005, 005, 010, 010, 008, 008, 000, 008, 007, 007, 003, 003, 010, 010, 002, 
        008, 007, 007, 003, 003, 010, 010, 002, 000, 002, 002, 007, 007, 011, 011, 003, 000, 002, 002, 007, 007, 011, 011, 003, 010, 009, 009, 008, 008, 003, 003, 001, 
    ],
    [
        005, 004, 004, 006, 006, 001, 001, 011, 004, 003, 003, 002, 002, 009, 009, 007, 004, 003, 003, 002, 002, 009, 009, 007, 009, 011, 011, 004, 004, 002, 002, 006, 
        009, 011, 011, 004, 004, 002, 002, 006, 007, 006, 006, 011, 011, 000, 000, 004, 007, 006, 006, 011, 011, 000, 000, 004, 002, 001, 001, 009, 009, 004, 004, 008, 
    ],
    [
        003, 005, 005, 010, 010, 008, 008, 000, 005, 004, 004, 006, 006, 001, 001, 011, 005, 004, 004, 006, 006, 001, 001, 011, 001, 000, 000, 005, 005, 006, 006, 010, 
        001, 000, 000, 005, 005, 006, 006, 010, 011, 010, 010, 000, 000, 007, 007, 005, 011, 010, 010, 000, 000, 007, 007, 005, 006, 008, 008, 001, 001, 005, 005, 009, 
    ],
    [
        007, 006, 006, 011, 011, 000, 000, 004, 006, 008, 008, 001, 001, 005, 005, 009, 006, 008, 008, 001, 001, 005, 005, 009, 005, 004, 004, 006, 006, 001, 001, 011, 
        005, 004, 004, 006, 006, 001, 001, 011, 009, 011, 011, 004, 004, 002, 002, 006, 009, 011, 011, 004, 004, 002, 002, 006, 001, 000, 000, 005, 005, 006, 006, 010, 
    ],
    [
        008, 007, 007, 003, 003, 010, 010, 002, 007, 006, 006, 011, 011, 000, 000, 004, 007, 006, 006, 011, 011, 000, 000, 004, 000, 002, 002, 007, 007, 011, 011, 003, 
        000, 002, 002, 007, 007, 011, 011, 003, 004, 003, 003, 002, 002, 009, 009, 007, 004, 003, 003, 002, 002, 009, 009, 007, 011, 010, 010, 000, 000, 007, 007, 005, 
    ],
    [
        006, 008, 008, 001, 001, 005, 005, 009, 008, 007, 007, 003, 003, 010, 010, 002, 008, 007, 007, 003, 003, 010, 010, 002, 010, 009, 009, 008, 008, 003, 003, 001, 
        010, 009, 009, 008, 008, 003, 003, 001, 002, 001, 001, 009, 009, 004, 004, 008, 002, 001, 001, 009, 009, 004, 004, 008, 003, 005, 005, 010, 010, 008, 008, 000, 
    ],
    [
        010, 009, 009, 008, 008, 003, 003, 001, 009, 011, 011, 004, 004, 002, 002, 006, 009, 011, 011, 004, 004, 002, 002, 006, 002, 001, 001, 009, 009, 004, 004, 008, 
        002, 001, 001, 009, 009, 004, 004, 008, 006, 008, 008, 001, 001, 005, 005, 009, 006, 008, 008, 001, 001, 005, 005, 009, 004, 003, 003, 002, 002, 009, 009, 007, 
    ],
    [
        011, 010, 010, 000, 000, 007, 007, 005, 010, 009, 009, 008, 008, 003, 003, 001, 010, 009, 009, 008, 008, 003, 003, 001, 003, 005, 005, 010, 010, 008, 008, 000, 
        003, 005, 005, 010, 010, 008, 008, 000, 001, 000, 000, 005, 005, 006, 006, 010, 001, 000, 000, 005, 005, 006, 006, 010, 008, 007, 007, 003, 003, 010, 010, 002, 
    ],
    [
        009, 011, 011, 004, 004, 002, 002, 006, 011, 010, 010, 000, 000, 007, 007, 005, 011, 010, 010, 000, 000, 007, 007, 005, 007, 006, 006, 011, 011, 000, 000, 004, 
        007, 006, 006, 011, 011, 000, 000, 004, 005, 004, 004, 006, 006, 001, 001, 011, 005, 004, 004, 006, 006, 001, 001, 011, 000, 002, 002, 007, 007, 011, 011, 003, 
    ],
]
