[
    [
        000, 001, 003, 002, 007, 006, 004, 005, 015, 014, 012, 013, 008, 009, 011, 010, 052, 051, 059, 060, 053, 050, 058, 061, 055, 048, 056, 063, 054, 049, 057, 062, 
        118, 117, 113, 114, 121, 122, 126, 125, 119, 116, 112, 115, 120, 123, 127, 124, 068, 067, 075, 076, 069, 066, 074, 077, 071, 064, 072, 079, 070, 065, 073, 078, 
        248, 249, 251, 250, 255, 254, 252, 253, 247, 246, 244, 245, 240, 241, 243, 242, 202, 205, 197, 194, 203, 204, 196, 195, 201, 206, 198, 193, 200, 207, 199, 192, 
        134, 133, 129, 130, 137, 138, 142, 141, 135, 132, 128, 131, 136, 139, 143, 140, 186, 189, 181, 178, 187, 188, 180, 179, 185, 190, 182, 177, 184, 191, 183, 176, 
        016, 031, 017, 030, 019, 028, 018, 029, 023, 024, 022, 025, 020, 027, 021, 026, 032, 047, 033, 046, 035, 044, 034, 045, 039, 040, 038, 041, 036, 043, 037, 042, 
        110, 097, 111, 096, 109, 098, 108, 099, 105, 102, 104, 103, 106, 101, 107, 100, 094, 081, 095, 080, 093, 082, 092, 083, 089, 086, 088, 087, 090, 085, 091, 084, 
        236, 227, 237, 226, 239, 224, 238, 225, 235, 228, 234, 229, 232, 231, 233, 230, 220, 211, 221, 210, 223, 208, 222, 209, 219, 212, 218, 213, 216, 215, 217, 214, 
        146, 157, 147, 156, 145, 158, 144, 159, 149, 154, 148, 155, 150, 153, 151, 152, 162, 173, 163, 172, 161, 174, 160, 175, 165, 170, 164, 171, 166, 169, 167, 168, 
    ],
    [
        000, 003, 007, 004, 015, 012, 008, 011, 001, 002, 006, 005, 014, 013, 009, 010, 118, 113, 121, 126, 119, 112, 120, 127, 117, 114, 122, 125, 116, 115, 123, 124, 
        248, 251, 255, 252, 247, 244, 240, 243, 249, 250, 254, 253, 246, 245, 241, 242, 134, 129, 137, 142, 135, 128, 136, 143, 133, 130, 138, 141, 132, 131, 139, 140, 
        016, 017, 019, 018, 023, 022, 020, 021, 031, 030, 028, 029, 024, 025, 027, 026, 110, 111, 109, 108, 105, 104, 106, 107, 097, 096, 098, 099, 102, 103, 101, 100, 
        236, 237, 239, 238, 235, 234, 232, 233, 227, 226, 224, 225, 228, 229, 231, 230, 146, 147, 145, 144, 149, 148, 150, 151, 157, 156, 158, 159, 154, 155, 153, 152, 
        052, 059, 053, 058, 055, 056, 054, 057, 051, 060, 050, 061, 048, 063, 049, 062, 068, 075, 069, 074, 071, 072, 070, 073, 067, 076, 066, 077, 064, 079, 065, 078, 
        202, 197, 203, 196, 201, 198, 200, 199, 205, 194, 204, 195, 206, 193, 207, 192, 186, 181, 187, 180, 185, 182, 184, 183, 189, 178, 188, 179, 190, 177, 191, 176, 
        032, 033, 035, 034, 039, 038, 036, 037, 047, 046, 044, 045, 040, 041, 043, 042, 094, 095, 093, 092, 089, 088, 090, 091, 081, 080, 082, 083, 086, 087, 085, 084, 
        220, 221, 223, 222, 219, 218, 216, 217, 211, 210, 208, 209, 212, 213, 215, 214, 162, 163, 161, 160, 165, 164, 166, 167, 173, 172, 174, 175, 170, 171, 169, 168, 
    ],
    [
        000, 007, 015, 008, 001, 006, 014, 009, 003, 004, 012, 011, 002, 005, 013, 010, 248, 255, 247, 240, 249, 254, 246, 241, 251, 252, 244, 243, 250, 253, 245, 242, 
        016, 019, 023, 020, 031, 028, 024, 027, 017, 018, 022, 021, 030, 029, 025, 026, 236, 239, 235, 232, 227, 224, 228, 231, 237, 238, 234, 233, 226, 225, 229, 230, 
        052, 053, 055, 054, 051, 050, 048, 049, 059, 058, 056, 057, 060, 061, 063, 062, 202, 203, 201, 200, 205, 204, 206, 207, 197, 196, 198, 199, 194, 195, 193, 192, 
        032, 035, 039, 036, 047, 044, 040, 043, 033, 034, 038, 037, 046, 045, 041, 042, 220, 223, 219, 216, 211, 208, 212, 215, 221, 222, 218, 217, 210, 209, 213, 214, 
        118, 121, 119, 120, 117, 122, 116, 123, 113, 126, 112, 127, 114, 125, 115, 124, 134, 137, 135, 136, 133, 138, 132, 139, 129, 142, 128, 143, 130, 141, 131, 140, 
        110, 109, 105, 106, 097, 098, 102, 101, 111, 108, 104, 107, 096, 099, 103, 100, 146, 145, 149, 150, 157, 158, 154, 153, 147, 144, 148, 151, 156, 159, 155, 152, 
        068, 069, 071, 070, 067, 066, 064, 065, 075, 074, 072, 073, 076, 077, 079, 078, 186, 187, 185, 184, 189, 188, 190, 191, 181, 180, 182, 183, 178, 179, 177, 176, 
        094, 093, 089, 090, 081, 082, 086, 085, 095, 092, 088, 091, 080, 083, 087, 084, 162, 161, 165, 166, 173, 174, 170, 169, 163, 160, 164, 167, 172, 175, 171, 168, 
    ],
    [
        000, 015, 001, 014, 003, 012, 002, 013, 007, 008, 006, 009, 004, 011, 005, 010, 016, 023, 031, 024, 017, 022, 030, 025, 019, 020, 028, 027, 018, 021, 029, 026, 
        052, 055, 051, 048, 059, 056, 060, 063, 053, 054, 050, 049, 058, 057, 061, 062, 032, 039, 047, 040, 033, 038, 046, 041, 035, 036, 044, 043, 034, 037, 045, 042, 
        118, 119, 117, 116, 113, 112, 114, 115, 121, 120, 122, 123, 126, 127, 125, 124, 110, 105, 097, 102, 111, 104, 096, 103, 109, 106, 098, 101, 108, 107, 099, 100, 
        068, 071, 067, 064, 075, 072, 076, 079, 069, 070, 066, 065, 074, 073, 077, 078, 094, 089, 081, 086, 095, 088, 080, 087, 093, 090, 082, 085, 092, 091, 083, 084, 
        248, 247, 249, 246, 251, 244, 250, 245, 255, 240, 254, 241, 252, 243, 253, 242, 236, 235, 227, 228, 237, 234, 226, 229, 239, 232, 224, 231, 238, 233, 225, 230, 
        202, 201, 205, 206, 197, 198, 194, 193, 203, 200, 204, 207, 196, 199, 195, 192, 220, 219, 211, 212, 221, 218, 210, 213, 223, 216, 208, 215, 222, 217, 209, 214, 
        134, 135, 133, 132, 129, 128, 130, 131, 137, 136, 138, 139, 142, 143, 141, 140, 146, 149, 157, 154, 147, 148, 156, 155, 145, 150, 158, 153, 144, 151, 159, 152, 
        186, 185, 189, 190, 181, 182, 178, 177, 187, 184, 188, 191, 180, 183, 179, 176, 162, 165, 173, 170, 163, 164, 172, 171, 161, 166, 174, 169, 160, 167, 175, 168, 
    ],
    [
        076, 075, 067, 068, 077, 074, 066, 069, 079, 072, 064, 071, 078, 073, 065, 070, 114, 113, 117, 118, 125, 126, 122, 121, 115, 112, 116, 119, 124, 127, 123, 120, 
        060, 059, 051, 052, 061, 058, 050, 053, 063, 056, 048, 055, 062, 057, 049, 054, 002, 003, 001, 000, 005, 004, 006, 007, 013, 012, 014, 015, 010, 011, 009, 008, 
        178, 181, 189, 186, 179, 180, 188, 187, 177, 182, 190, 185, 176, 183, 191, 184, 130, 129, 133, 134, 141, 142, 138, 137, 131, 128, 132, 135, 140, 143, 139, 136, 
        194, 197, 205, 202, 195, 196, 204, 203, 193, 198, 206, 201, 192, 199, 207, 200, 250, 251, 249, 248, 253, 252, 254, 255, 245, 244, 246, 247, 242, 243, 241, 240, 
        080, 095, 081, 094, 083, 092, 082, 093, 087, 088, 086, 089, 084, 091, 085, 090, 096, 111, 097, 110, 099, 108, 098, 109, 103, 104, 102, 105, 100, 107, 101, 106, 
        046, 033, 047, 032, 045, 034, 044, 035, 041, 038, 040, 039, 042, 037, 043, 036, 030, 017, 031, 016, 029, 018, 028, 019, 025, 022, 024, 023, 026, 021, 027, 020, 
        172, 163, 173, 162, 175, 160, 174, 161, 171, 164, 170, 165, 168, 167, 169, 166, 156, 147, 157, 146, 159, 144, 158, 145, 155, 148, 154, 149, 152, 151, 153, 150, 
        210, 221, 211, 220, 209, 222, 208, 223, 213, 218, 212, 219, 214, 217, 215, 216, 226, 237, 227, 236, 225, 238, 224, 239, 229, 234, 228, 235, 230, 233, 231, 232, 
    ],
    [
        142, 137, 129, 134, 143, 136, 128, 135, 141, 138, 130, 133, 140, 139, 131, 132, 252, 255, 251, 248, 243, 240, 244, 247, 253, 254, 250, 249, 242, 241, 245, 246, 
        126, 121, 113, 118, 127, 120, 112, 119, 125, 122, 114, 117, 124, 123, 115, 116, 004, 007, 003, 000, 011, 008, 012, 015, 005, 006, 002, 001, 010, 009, 013, 014, 
        144, 145, 147, 146, 151, 150, 148, 149, 159, 158, 156, 157, 152, 153, 155, 154, 238, 239, 237, 236, 233, 232, 234, 235, 225, 224, 226, 227, 230, 231, 229, 228, 
        108, 109, 111, 110, 107, 106, 104, 105, 099, 098, 096, 097, 100, 101, 103, 102, 018, 019, 017, 016, 021, 020, 022, 023, 029, 028, 030, 031, 026, 027, 025, 024, 
        180, 187, 181, 186, 183, 184, 182, 185, 179, 188, 178, 189, 176, 191, 177, 190, 196, 203, 197, 202, 199, 200, 198, 201, 195, 204, 194, 205, 192, 207, 193, 206, 
        074, 069, 075, 068, 073, 070, 072, 071, 077, 066, 076, 067, 078, 065, 079, 064, 058, 053, 059, 052, 057, 054, 056, 055, 061, 050, 060, 051, 062, 049, 063, 048, 
        160, 161, 163, 162, 167, 166, 164, 165, 175, 174, 172, 173, 168, 169, 171, 170, 222, 223, 221, 220, 217, 216, 218, 219, 209, 208, 210, 211, 214, 215, 213, 212, 
        092, 093, 095, 094, 091, 090, 088, 089, 083, 082, 080, 081, 084, 085, 087, 086, 034, 035, 033, 032, 037, 036, 038, 039, 045, 044, 046, 047, 042, 043, 041, 040, 
    ],
    [
        232, 235, 239, 236, 231, 228, 224, 227, 233, 234, 238, 237, 230, 229, 225, 226, 020, 023, 019, 016, 027, 024, 028, 031, 021, 022, 018, 017, 026, 025, 029, 030, 
        240, 247, 255, 248, 241, 246, 254, 249, 243, 244, 252, 251, 242, 245, 253, 250, 008, 015, 007, 000, 009, 014, 006, 001, 011, 012, 004, 003, 010, 013, 005, 002, 
        216, 219, 223, 220, 215, 212, 208, 211, 217, 218, 222, 221, 214, 213, 209, 210, 036, 039, 035, 032, 043, 040, 044, 047, 037, 038, 034, 033, 042, 041, 045, 046, 
        200, 201, 203, 202, 207, 206, 204, 205, 199, 198, 196, 197, 192, 193, 195, 194, 054, 055, 053, 052, 049, 048, 050, 051, 057, 056, 058, 059, 062, 063, 061, 060, 
        150, 149, 145, 146, 153, 154, 158, 157, 151, 148, 144, 147, 152, 155, 159, 156, 106, 105, 109, 110, 101, 102, 098, 097, 107, 104, 108, 111, 100, 103, 099, 096, 
        136, 135, 137, 134, 139, 132, 138, 133, 143, 128, 142, 129, 140, 131, 141, 130, 120, 119, 121, 118, 123, 116, 122, 117, 127, 112, 126, 113, 124, 115, 125, 114, 
        166, 165, 161, 162, 169, 170, 174, 173, 167, 164, 160, 163, 168, 171, 175, 172, 090, 089, 093, 094, 085, 086, 082, 081, 091, 088, 092, 095, 084, 087, 083, 080, 
        184, 185, 187, 186, 191, 190, 188, 189, 183, 182, 180, 181, 176, 177, 179, 178, 070, 071, 069, 068, 065, 064, 066, 067, 073, 072, 074, 075, 078, 079, 077, 076, 
    ],
    [
        040, 047, 039, 032, 041, 046, 038, 033, 043, 044, 036, 035, 042, 045, 037, 034, 048, 051, 055, 052, 063, 060, 056, 059, 049, 050, 054, 053, 062, 061, 057, 058, 
        024, 031, 023, 016, 025, 030, 022, 017, 027, 028, 020, 019, 026, 029, 021, 018, 014, 001, 015, 000, 013, 002, 012, 003, 009, 006, 008, 007, 010, 005, 011, 004, 
        086, 081, 089, 094, 087, 080, 088, 095, 085, 082, 090, 093, 084, 083, 091, 092, 064, 067, 071, 068, 079, 076, 072, 075, 065, 066, 070, 069, 078, 077, 073, 074, 
        102, 097, 105, 110, 103, 096, 104, 111, 101, 098, 106, 109, 100, 099, 107, 108, 116, 117, 119, 118, 115, 114, 112, 113, 123, 122, 120, 121, 124, 125, 127, 126, 
        212, 211, 219, 220, 213, 210, 218, 221, 215, 208, 216, 223, 214, 209, 217, 222, 206, 205, 201, 202, 193, 194, 198, 197, 207, 204, 200, 203, 192, 195, 199, 196, 
        228, 227, 235, 236, 229, 226, 234, 237, 231, 224, 232, 239, 230, 225, 233, 238, 246, 249, 247, 248, 245, 250, 244, 251, 241, 254, 240, 255, 242, 253, 243, 252, 
        170, 173, 165, 162, 171, 172, 164, 163, 169, 174, 166, 161, 168, 175, 167, 160, 190, 189, 185, 186, 177, 178, 182, 181, 191, 188, 184, 187, 176, 179, 183, 180, 
        154, 157, 149, 146, 155, 156, 148, 147, 153, 158, 150, 145, 152, 159, 151, 144, 132, 133, 135, 134, 131, 130, 128, 129, 139, 138, 136, 137, 140, 141, 143, 142, 
    ],
    [
        142, 141, 137, 138, 129, 130, 134, 133, 143, 140, 136, 139, 128, 131, 135, 132, 180, 179, 187, 188, 181, 178, 186, 189, 183, 176, 184, 191, 182, 177, 185, 190, 
        252, 253, 255, 254, 251, 250, 248, 249, 243, 242, 240, 241, 244, 245, 247, 246, 196, 195, 203, 204, 197, 194, 202, 205, 199, 192, 200, 207, 198, 193, 201, 206, 
        126, 125, 121, 122, 113, 114, 118, 117, 127, 124, 120, 123, 112, 115, 119, 116, 074, 077, 069, 066, 075, 076, 068, 067, 073, 078, 070, 065, 072, 079, 071, 064, 
        004, 005, 007, 006, 003, 002, 000, 001, 011, 010, 008, 009, 012, 013, 015, 014, 058, 061, 053, 050, 059, 060, 052, 051, 057, 062, 054, 049, 056, 063, 055, 048, 
        144, 159, 145, 158, 147, 156, 146, 157, 151, 152, 150, 153, 148, 155, 149, 154, 160, 175, 161, 174, 163, 172, 162, 173, 167, 168, 166, 169, 164, 171, 165, 170, 
        238, 225, 239, 224, 237, 226, 236, 227, 233, 230, 232, 231, 234, 229, 235, 228, 222, 209, 223, 208, 221, 210, 220, 211, 217, 214, 216, 215, 218, 213, 219, 212, 
        108, 099, 109, 098, 111, 096, 110, 097, 107, 100, 106, 101, 104, 103, 105, 102, 092, 083, 093, 082, 095, 080, 094, 081, 091, 084, 090, 085, 088, 087, 089, 086, 
        018, 029, 019, 028, 017, 030, 016, 031, 021, 026, 020, 027, 022, 025, 023, 024, 034, 045, 035, 044, 033, 046, 032, 047, 037, 042, 036, 043, 038, 041, 039, 040, 
    ],
    [
        232, 233, 235, 234, 239, 238, 236, 237, 231, 230, 228, 229, 224, 225, 227, 226, 150, 151, 149, 148, 145, 144, 146, 147, 153, 152, 154, 155, 158, 159, 157, 156, 
        020, 021, 023, 022, 019, 018, 016, 017, 027, 026, 024, 025, 028, 029, 031, 030, 106, 107, 105, 104, 109, 108, 110, 111, 101, 100, 102, 103, 098, 099, 097, 096, 
        240, 243, 247, 244, 255, 252, 248, 251, 241, 242, 246, 245, 254, 253, 249, 250, 136, 143, 135, 128, 137, 142, 134, 129, 139, 140, 132, 131, 138, 141, 133, 130, 
        008, 011, 015, 012, 007, 004, 000, 003, 009, 010, 014, 013, 006, 005, 001, 002, 120, 127, 119, 112, 121, 126, 118, 113, 123, 124, 116, 115, 122, 125, 117, 114, 
        216, 217, 219, 218, 223, 222, 220, 221, 215, 214, 212, 213, 208, 209, 211, 210, 166, 167, 165, 164, 161, 160, 162, 163, 169, 168, 170, 171, 174, 175, 173, 172, 
        036, 037, 039, 038, 035, 034, 032, 033, 043, 042, 040, 041, 044, 045, 047, 046, 090, 091, 089, 088, 093, 092, 094, 095, 085, 084, 086, 087, 082, 083, 081, 080, 
        200, 199, 201, 198, 203, 196, 202, 197, 207, 192, 206, 193, 204, 195, 205, 194, 184, 183, 185, 182, 187, 180, 186, 181, 191, 176, 190, 177, 188, 179, 189, 178, 
        054, 057, 055, 056, 053, 058, 052, 059, 049, 062, 048, 063, 050, 061, 051, 060, 070, 073, 071, 072, 069, 074, 068, 075, 065, 078, 064, 079, 066, 077, 067, 076, 
    ],
    [
        040, 043, 047, 044, 039, 036, 032, 035, 041, 042, 046, 045, 038, 037, 033, 034, 212, 215, 211, 208, 219, 216, 220, 223, 213, 214, 210, 209, 218, 217, 221, 222, 
        048, 049, 051, 050, 055, 054, 052, 053, 063, 062, 060, 061, 056, 057, 059, 058, 206, 207, 205, 204, 201, 200, 202, 203, 193, 192, 194, 195, 198, 199, 197, 196, 
        024, 027, 031, 028, 023, 020, 016, 019, 025, 026, 030, 029, 022, 021, 017, 018, 228, 231, 227, 224, 235, 232, 236, 239, 229, 230, 226, 225, 234, 233, 237, 238, 
        014, 009, 001, 006, 015, 008, 000, 007, 013, 010, 002, 005, 012, 011, 003, 004, 246, 241, 249, 254, 247, 240, 248, 255, 245, 242, 250, 253, 244, 243, 251, 252, 
        086, 085, 081, 082, 089, 090, 094, 093, 087, 084, 080, 083, 088, 091, 095, 092, 170, 169, 173, 174, 165, 166, 162, 161, 171, 168, 172, 175, 164, 167, 163, 160, 
        064, 065, 067, 066, 071, 070, 068, 069, 079, 078, 076, 077, 072, 073, 075, 074, 190, 191, 189, 188, 185, 184, 186, 187, 177, 176, 178, 179, 182, 183, 181, 180, 
        102, 101, 097, 098, 105, 106, 110, 109, 103, 100, 096, 099, 104, 107, 111, 108, 154, 153, 157, 158, 149, 150, 146, 145, 155, 152, 156, 159, 148, 151, 147, 144, 
        116, 123, 117, 122, 119, 120, 118, 121, 115, 124, 114, 125, 112, 127, 113, 126, 132, 139, 133, 138, 135, 136, 134, 137, 131, 140, 130, 141, 128, 143, 129, 142, 
    ],
    [
        076, 079, 075, 072, 067, 064, 068, 071, 077, 078, 074, 073, 066, 065, 069, 070, 080, 087, 095, 088, 081, 086, 094, 089, 083, 084, 092, 091, 082, 085, 093, 090, 
        114, 115, 113, 112, 117, 116, 118, 119, 125, 124, 126, 127, 122, 123, 121, 120, 096, 103, 111, 104, 097, 102, 110, 105, 099, 100, 108, 107, 098, 101, 109, 106, 
        060, 063, 059, 056, 051, 048, 052, 055, 061, 062, 058, 057, 050, 049, 053, 054, 046, 041, 033, 038, 047, 040, 032, 039, 045, 042, 034, 037, 044, 043, 035, 036, 
        002, 013, 003, 012, 001, 014, 000, 015, 005, 010, 004, 011, 006, 009, 007, 008, 030, 025, 017, 022, 031, 024, 016, 023, 029, 026, 018, 021, 028, 027, 019, 020, 
        178, 177, 181, 182, 189, 190, 186, 185, 179, 176, 180, 183, 188, 191, 187, 184, 172, 171, 163, 164, 173, 170, 162, 165, 175, 168, 160, 167, 174, 169, 161, 166, 
        130, 131, 129, 128, 133, 132, 134, 135, 141, 140, 142, 143, 138, 139, 137, 136, 156, 155, 147, 148, 157, 154, 146, 149, 159, 152, 144, 151, 158, 153, 145, 150, 
        194, 193, 197, 198, 205, 206, 202, 201, 195, 192, 196, 199, 204, 207, 203, 200, 210, 213, 221, 218, 211, 212, 220, 219, 209, 214, 222, 217, 208, 215, 223, 216, 
        250, 245, 251, 244, 249, 246, 248, 247, 253, 242, 252, 243, 254, 241, 255, 240, 226, 229, 237, 234, 227, 228, 236, 235, 225, 230, 238, 233, 224, 231, 239, 232, 
    ],
    [
        204, 203, 195, 196, 205, 202, 194, 197, 207, 200, 192, 199, 206, 201, 193, 198, 254, 255, 253, 252, 249, 248, 250, 251, 241, 240, 242, 243, 246, 247, 245, 244, 
        188, 187, 179, 180, 189, 186, 178, 181, 191, 184, 176, 183, 190, 185, 177, 182, 138, 137, 141, 142, 133, 134, 130, 129, 139, 136, 140, 143, 132, 135, 131, 128, 
        050, 053, 061, 058, 051, 052, 060, 059, 049, 054, 062, 057, 048, 055, 063, 056, 006, 007, 005, 004, 001, 000, 002, 003, 009, 008, 010, 011, 014, 015, 013, 012, 
        066, 069, 077, 074, 067, 068, 076, 075, 065, 070, 078, 073, 064, 071, 079, 072, 122, 121, 125, 126, 117, 118, 114, 113, 123, 120, 124, 127, 116, 119, 115, 112, 
        208, 223, 209, 222, 211, 220, 210, 221, 215, 216, 214, 217, 212, 219, 213, 218, 224, 239, 225, 238, 227, 236, 226, 237, 231, 232, 230, 233, 228, 235, 229, 234, 
        174, 161, 175, 160, 173, 162, 172, 163, 169, 166, 168, 167, 170, 165, 171, 164, 158, 145, 159, 144, 157, 146, 156, 147, 153, 150, 152, 151, 154, 149, 155, 148, 
        044, 035, 045, 034, 047, 032, 046, 033, 043, 036, 042, 037, 040, 039, 041, 038, 028, 019, 029, 018, 031, 016, 030, 017, 027, 020, 026, 021, 024, 023, 025, 022, 
        082, 093, 083, 092, 081, 094, 080, 095, 085, 090, 084, 091, 086, 089, 087, 088, 098, 109, 099, 108, 097, 110, 096, 111, 101, 106, 100, 107, 102, 105, 103, 104, 
    ],
    [
        104, 105, 107, 106, 111, 110, 108, 109, 103, 102, 100, 101, 096, 097, 099, 098, 022, 023, 021, 020, 017, 016, 018, 019, 025, 024, 026, 027, 030, 031, 029, 028, 
        148, 149, 151, 150, 147, 146, 144, 145, 155, 154, 152, 153, 156, 157, 159, 158, 234, 235, 233, 232, 237, 236, 238, 239, 229, 228, 230, 231, 226, 227, 225, 224, 
        112, 119, 127, 120, 113, 118, 126, 121, 115, 116, 124, 123, 114, 117, 125, 122, 012, 015, 011, 008, 003, 000, 004, 007, 013, 014, 010, 009, 002, 001, 005, 006, 
        128, 135, 143, 136, 129, 134, 142, 137, 131, 132, 140, 139, 130, 133, 141, 138, 244, 247, 243, 240, 251, 248, 252, 255, 245, 246, 242, 241, 250, 249, 253, 254, 
        088, 089, 091, 090, 095, 094, 092, 093, 087, 086, 084, 085, 080, 081, 083, 082, 038, 039, 037, 036, 033, 032, 034, 035, 041, 040, 042, 043, 046, 047, 045, 044, 
        164, 165, 167, 166, 163, 162, 160, 161, 171, 170, 168, 169, 172, 173, 175, 174, 218, 219, 217, 216, 221, 220, 222, 223, 213, 212, 214, 215, 210, 211, 209, 208, 
        072, 071, 073, 070, 075, 068, 074, 069, 079, 064, 078, 065, 076, 067, 077, 066, 056, 055, 057, 054, 059, 052, 058, 053, 063, 048, 062, 049, 060, 051, 061, 050, 
        182, 185, 183, 184, 181, 186, 180, 187, 177, 190, 176, 191, 178, 189, 179, 188, 198, 201, 199, 200, 197, 202, 196, 203, 193, 206, 192, 207, 194, 205, 195, 204, 
    ],
    [
        204, 205, 207, 206, 203, 202, 200, 201, 195, 194, 192, 193, 196, 197, 199, 198, 050, 051, 049, 048, 053, 052, 054, 055, 061, 060, 062, 063, 058, 059, 057, 056, 
        208, 211, 215, 212, 223, 220, 216, 219, 209, 210, 214, 213, 222, 221, 217, 218, 044, 047, 043, 040, 035, 032, 036, 039, 045, 046, 042, 041, 034, 033, 037, 038, 
        254, 249, 241, 246, 255, 248, 240, 247, 253, 250, 242, 245, 252, 251, 243, 244, 006, 001, 009, 014, 007, 000, 008, 015, 005, 002, 010, 013, 004, 003, 011, 012, 
        224, 227, 231, 228, 239, 236, 232, 235, 225, 226, 230, 229, 238, 237, 233, 234, 028, 031, 027, 024, 019, 016, 020, 023, 029, 030, 026, 025, 018, 017, 021, 022, 
        188, 189, 191, 190, 187, 186, 184, 185, 179, 178, 176, 177, 180, 181, 183, 182, 066, 067, 065, 064, 069, 068, 070, 071, 077, 076, 078, 079, 074, 075, 073, 072, 
        174, 173, 169, 170, 161, 162, 166, 165, 175, 172, 168, 171, 160, 163, 167, 164, 082, 081, 085, 086, 093, 094, 090, 089, 083, 080, 084, 087, 092, 095, 091, 088, 
        138, 133, 139, 132, 137, 134, 136, 135, 141, 130, 140, 131, 142, 129, 143, 128, 122, 117, 123, 116, 121, 118, 120, 119, 125, 114, 124, 115, 126, 113, 127, 112, 
        158, 157, 153, 154, 145, 146, 150, 149, 159, 156, 152, 155, 144, 147, 151, 148, 098, 097, 101, 102, 109, 110, 106, 105, 099, 096, 100, 103, 108, 111, 107, 104, 
    ],
    [
        104, 111, 103, 096, 105, 110, 102, 097, 107, 108, 100, 099, 106, 109, 101, 098, 112, 113, 115, 114, 119, 118, 116, 117, 127, 126, 124, 125, 120, 121, 123, 122, 
        088, 095, 087, 080, 089, 094, 086, 081, 091, 092, 084, 083, 090, 093, 085, 082, 072, 075, 079, 076, 071, 068, 064, 067, 073, 074, 078, 077, 070, 069, 065, 066, 
        022, 017, 025, 030, 023, 016, 024, 031, 021, 018, 026, 029, 020, 019, 027, 028, 012, 003, 013, 002, 015, 000, 014, 001, 011, 004, 010, 005, 008, 007, 009, 006, 
        038, 033, 041, 046, 039, 032, 040, 047, 037, 034, 042, 045, 036, 035, 043, 044, 056, 059, 063, 060, 055, 052, 048, 051, 057, 058, 062, 061, 054, 053, 049, 050, 
        148, 147, 155, 156, 149, 146, 154, 157, 151, 144, 152, 159, 150, 145, 153, 158, 128, 129, 131, 130, 135, 134, 132, 133, 143, 142, 140, 141, 136, 137, 139, 138, 
        164, 163, 171, 172, 165, 162, 170, 173, 167, 160, 168, 175, 166, 161, 169, 174, 182, 181, 177, 178, 185, 186, 190, 189, 183, 180, 176, 179, 184, 187, 191, 188, 
        234, 237, 229, 226, 235, 236, 228, 227, 233, 238, 230, 225, 232, 239, 231, 224, 244, 251, 245, 250, 247, 248, 246, 249, 243, 252, 242, 253, 240, 255, 241, 254, 
        218, 221, 213, 210, 219, 220, 212, 211, 217, 222, 214, 209, 216, 223, 215, 208, 198, 197, 193, 194, 201, 202, 206, 205, 199, 196, 192, 195, 200, 203, 207, 204, 
    ],
    [
        232, 231, 233, 230, 235, 228, 234, 229, 239, 224, 238, 225, 236, 227, 237, 226, 216, 215, 217, 214, 219, 212, 218, 213, 223, 208, 222, 209, 220, 211, 221, 210, 
        150, 153, 151, 152, 149, 154, 148, 155, 145, 158, 144, 159, 146, 157, 147, 156, 166, 169, 167, 168, 165, 170, 164, 171, 161, 174, 160, 175, 162, 173, 163, 172, 
        020, 027, 021, 026, 023, 024, 022, 025, 019, 028, 018, 029, 016, 031, 017, 030, 036, 043, 037, 042, 039, 040, 038, 041, 035, 044, 034, 045, 032, 047, 033, 046, 
        106, 101, 107, 100, 105, 102, 104, 103, 109, 098, 108, 099, 110, 097, 111, 096, 090, 085, 091, 084, 089, 086, 088, 087, 093, 082, 092, 083, 094, 081, 095, 080, 
        240, 241, 243, 242, 247, 246, 244, 245, 255, 254, 252, 253, 248, 249, 251, 250, 200, 207, 199, 192, 201, 206, 198, 193, 203, 204, 196, 195, 202, 205, 197, 194, 
        136, 139, 143, 140, 135, 132, 128, 131, 137, 138, 142, 141, 134, 133, 129, 130, 184, 191, 183, 176, 185, 190, 182, 177, 187, 188, 180, 179, 186, 189, 181, 178, 
        008, 009, 011, 010, 015, 014, 012, 013, 007, 006, 004, 005, 000, 001, 003, 002, 054, 049, 057, 062, 055, 048, 056, 063, 053, 050, 058, 061, 052, 051, 059, 060, 
        120, 123, 127, 124, 119, 116, 112, 115, 121, 122, 126, 125, 118, 117, 113, 114, 070, 065, 073, 078, 071, 064, 072, 079, 069, 066, 074, 077, 068, 067, 075, 076, 
    ],
    [
        040, 041, 043, 042, 047, 046, 044, 045, 039, 038, 036, 037, 032, 033, 035, 034, 086, 087, 085, 084, 081, 080, 082, 083, 089, 088, 090, 091, 094, 095, 093, 092, 
        212, 213, 215, 214, 211, 210, 208, 209, 219, 218, 216, 217, 220, 221, 223, 222, 170, 171, 169, 168, 173, 172, 174, 175, 165, 164, 166, 167, 162, 163, 161, 160, 
        048, 063, 049, 062, 051, 060, 050, 061, 055, 056, 054, 057, 052, 059, 053, 058, 064, 079, 065, 078, 067, 076, 066, 077, 071, 072, 070, 073, 068, 075, 069, 074, 
        206, 193, 207, 192, 205, 194, 204, 195, 201, 198, 200, 199, 202, 197, 203, 196, 190, 177, 191, 176, 189, 178, 188, 179, 185, 182, 184, 183, 186, 181, 187, 180, 
        024, 025, 027, 026, 031, 030, 028, 029, 023, 022, 020, 021, 016, 017, 019, 018, 102, 103, 101, 100, 097, 096, 098, 099, 105, 104, 106, 107, 110, 111, 109, 108, 
        228, 229, 231, 230, 227, 226, 224, 225, 235, 234, 232, 233, 236, 237, 239, 238, 154, 155, 153, 152, 157, 156, 158, 159, 149, 148, 150, 151, 146, 147, 145, 144, 
        014, 013, 009, 010, 001, 002, 006, 005, 015, 012, 008, 011, 000, 003, 007, 004, 116, 115, 123, 124, 117, 114, 122, 125, 119, 112, 120, 127, 118, 113, 121, 126, 
        246, 245, 241, 242, 249, 250, 254, 253, 247, 244, 240, 243, 248, 251, 255, 252, 132, 131, 139, 140, 133, 130, 138, 141, 135, 128, 136, 143, 134, 129, 137, 142, 
    ],
    [
        076, 077, 079, 078, 075, 074, 072, 073, 067, 066, 064, 065, 068, 069, 071, 070, 178, 179, 177, 176, 181, 180, 182, 183, 189, 188, 190, 191, 186, 187, 185, 184, 
        080, 083, 087, 084, 095, 092, 088, 091, 081, 082, 086, 085, 094, 093, 089, 090, 172, 175, 171, 168, 163, 160, 164, 167, 173, 174, 170, 169, 162, 161, 165, 166, 
        114, 125, 115, 124, 113, 126, 112, 127, 117, 122, 116, 123, 118, 121, 119, 120, 130, 141, 131, 140, 129, 142, 128, 143, 133, 138, 132, 139, 134, 137, 135, 136, 
        096, 099, 103, 100, 111, 108, 104, 107, 097, 098, 102, 101, 110, 109, 105, 106, 156, 159, 155, 152, 147, 144, 148, 151, 157, 158, 154, 153, 146, 145, 149, 150, 
        060, 061, 063, 062, 059, 058, 056, 057, 051, 050, 048, 049, 052, 053, 055, 054, 194, 195, 193, 192, 197, 196, 198, 199, 205, 204, 206, 207, 202, 203, 201, 200, 
        046, 045, 041, 042, 033, 034, 038, 037, 047, 044, 040, 043, 032, 035, 039, 036, 210, 209, 213, 214, 221, 222, 218, 217, 211, 208, 212, 215, 220, 223, 219, 216, 
        002, 005, 013, 010, 003, 004, 012, 011, 001, 006, 014, 009, 000, 007, 015, 008, 250, 253, 245, 242, 251, 252, 244, 243, 249, 254, 246, 241, 248, 255, 247, 240, 
        030, 029, 025, 026, 017, 018, 022, 021, 031, 028, 024, 027, 016, 019, 023, 020, 226, 225, 229, 230, 237, 238, 234, 233, 227, 224, 228, 231, 236, 239, 235, 232, 
    ],
    [
        142, 143, 141, 140, 137, 136, 138, 139, 129, 128, 130, 131, 134, 135, 133, 132, 144, 151, 159, 152, 145, 150, 158, 153, 147, 148, 156, 155, 146, 149, 157, 154, 
        180, 183, 179, 176, 187, 184, 188, 191, 181, 182, 178, 177, 186, 185, 189, 190, 160, 167, 175, 168, 161, 166, 174, 169, 163, 164, 172, 171, 162, 165, 173, 170, 
        252, 243, 253, 242, 255, 240, 254, 241, 251, 244, 250, 245, 248, 247, 249, 246, 238, 233, 225, 230, 239, 232, 224, 231, 237, 234, 226, 229, 236, 235, 227, 228, 
        196, 199, 195, 192, 203, 200, 204, 207, 197, 198, 194, 193, 202, 201, 205, 206, 222, 217, 209, 214, 223, 216, 208, 215, 221, 218, 210, 213, 220, 219, 211, 212, 
        126, 127, 125, 124, 121, 120, 122, 123, 113, 112, 114, 115, 118, 119, 117, 116, 108, 107, 099, 100, 109, 106, 098, 101, 111, 104, 096, 103, 110, 105, 097, 102, 
        074, 073, 077, 078, 069, 070, 066, 065, 075, 072, 076, 079, 068, 071, 067, 064, 092, 091, 083, 084, 093, 090, 082, 085, 095, 088, 080, 087, 094, 089, 081, 086, 
        004, 011, 005, 010, 007, 008, 006, 009, 003, 012, 002, 013, 000, 015, 001, 014, 018, 021, 029, 026, 019, 020, 028, 027, 017, 022, 030, 025, 016, 023, 031, 024, 
        058, 057, 061, 062, 053, 054, 050, 049, 059, 056, 060, 063, 052, 055, 051, 048, 034, 037, 045, 042, 035, 036, 044, 043, 033, 038, 046, 041, 032, 039, 047, 040, 
    ],
    [
        168, 167, 169, 166, 171, 164, 170, 165, 175, 160, 174, 161, 172, 163, 173, 162, 152, 151, 153, 150, 155, 148, 154, 149, 159, 144, 158, 145, 156, 147, 157, 146, 
        214, 217, 215, 216, 213, 218, 212, 219, 209, 222, 208, 223, 210, 221, 211, 220, 230, 233, 231, 232, 229, 234, 228, 235, 225, 238, 224, 239, 226, 237, 227, 236, 
        084, 091, 085, 090, 087, 088, 086, 089, 083, 092, 082, 093, 080, 095, 081, 094, 100, 107, 101, 106, 103, 104, 102, 105, 099, 108, 098, 109, 096, 111, 097, 110, 
        042, 037, 043, 036, 041, 038, 040, 039, 045, 034, 044, 035, 046, 033, 047, 032, 026, 021, 027, 020, 025, 022, 024, 023, 029, 018, 028, 019, 030, 017, 031, 016, 
        176, 183, 191, 184, 177, 182, 190, 185, 179, 180, 188, 187, 178, 181, 189, 186, 140, 143, 139, 136, 131, 128, 132, 135, 141, 142, 138, 137, 130, 129, 133, 134, 
        192, 199, 207, 200, 193, 198, 206, 201, 195, 196, 204, 203, 194, 197, 205, 202, 242, 243, 241, 240, 245, 244, 246, 247, 253, 252, 254, 255, 250, 251, 249, 248, 
        078, 073, 065, 070, 079, 072, 064, 071, 077, 074, 066, 069, 076, 075, 067, 068, 124, 127, 123, 120, 115, 112, 116, 119, 125, 126, 122, 121, 114, 113, 117, 118, 
        062, 057, 049, 054, 063, 056, 048, 055, 061, 058, 050, 053, 060, 059, 051, 052, 010, 011, 009, 008, 013, 012, 014, 015, 005, 004, 006, 007, 002, 003, 001, 000, 
    ],
    [
        168, 169, 171, 170, 175, 174, 172, 173, 167, 166, 164, 165, 160, 161, 163, 162, 214, 215, 213, 212, 209, 208, 210, 211, 217, 216, 218, 219, 222, 223, 221, 220, 
        084, 085, 087, 086, 083, 082, 080, 081, 091, 090, 088, 089, 092, 093, 095, 094, 042, 043, 041, 040, 045, 044, 046, 047, 037, 036, 038, 039, 034, 035, 033, 032, 
        176, 191, 177, 190, 179, 188, 178, 189, 183, 184, 182, 185, 180, 187, 181, 186, 192, 207, 193, 206, 195, 204, 194, 205, 199, 200, 198, 201, 196, 203, 197, 202, 
        078, 065, 079, 064, 077, 066, 076, 067, 073, 070, 072, 071, 074, 069, 075, 068, 062, 049, 063, 048, 061, 050, 060, 051, 057, 054, 056, 055, 058, 053, 059, 052, 
        152, 153, 155, 154, 159, 158, 156, 157, 151, 150, 148, 149, 144, 145, 147, 146, 230, 231, 229, 228, 225, 224, 226, 227, 233, 232, 234, 235, 238, 239, 237, 236, 
        100, 101, 103, 102, 099, 098, 096, 097, 107, 106, 104, 105, 108, 109, 111, 110, 026, 027, 025, 024, 029, 028, 030, 031, 021, 020, 022, 023, 018, 019, 017, 016, 
        140, 139, 131, 132, 141, 138, 130, 133, 143, 136, 128, 135, 142, 137, 129, 134, 242, 241, 245, 246, 253, 254, 250, 249, 243, 240, 244, 247, 252, 255, 251, 248, 
        124, 123, 115, 116, 125, 122, 114, 117, 127, 120, 112, 119, 126, 121, 113, 118, 010, 009, 013, 014, 005, 006, 002, 001, 011, 008, 012, 015, 004, 007, 003, 000, 
    ],
    [
        168, 171, 175, 172, 167, 164, 160, 163, 169, 170, 174, 173, 166, 165, 161, 162, 084, 087, 083, 080, 091, 088, 092, 095, 085, 086, 082, 081, 090, 089, 093, 094, 
        176, 177, 179, 178, 183, 182, 180, 181, 191, 190, 188, 189, 184, 185, 187, 186, 078, 079, 077, 076, 073, 072, 074, 075, 065, 064, 066, 067, 070, 071, 069, 068, 
        152, 155, 159, 156, 151, 148, 144, 147, 153, 154, 158, 157, 150, 149, 145, 146, 100, 103, 099, 096, 107, 104, 108, 111, 101, 102, 098, 097, 106, 105, 109, 110, 
        140, 131, 141, 130, 143, 128, 142, 129, 139, 132, 138, 133, 136, 135, 137, 134, 124, 115, 125, 114, 127, 112, 126, 113, 123, 116, 122, 117, 120, 119, 121, 118, 
        214, 213, 209, 210, 217, 218, 222, 221, 215, 212, 208, 211, 216, 219, 223, 220, 042, 041, 045, 046, 037, 038, 034, 033, 043, 040, 044, 047, 036, 039, 035, 032, 
        192, 193, 195, 194, 199, 198, 196, 197, 207, 206, 204, 205, 200, 201, 203, 202, 062, 063, 061, 060, 057, 056, 058, 059, 049, 048, 050, 051, 054, 055, 053, 052, 
        230, 229, 225, 226, 233, 234, 238, 237, 231, 228, 224, 227, 232, 235, 239, 236, 026, 025, 029, 030, 021, 022, 018, 017, 027, 024, 028, 031, 020, 023, 019, 016, 
        242, 245, 253, 250, 243, 244, 252, 251, 241, 246, 254, 249, 240, 247, 255, 248, 010, 013, 005, 002, 011, 012, 004, 003, 009, 014, 006, 001, 008, 015, 007, 000, 
    ],
    [
        168, 175, 167, 160, 169, 174, 166, 161, 171, 172, 164, 163, 170, 173, 165, 162, 176, 179, 183, 180, 191, 188, 184, 187, 177, 178, 182, 181, 190, 189, 185, 186, 
        152, 159, 151, 144, 153, 158, 150, 145, 155, 156, 148, 147, 154, 157, 149, 146, 140, 141, 143, 142, 139, 138, 136, 137, 131, 130, 128, 129, 132, 133, 135, 134, 
        214, 209, 217, 222, 215, 208, 216, 223, 213, 210, 218, 221, 212, 211, 219, 220, 192, 195, 199, 196, 207, 204, 200, 203, 193, 194, 198, 197, 206, 205, 201, 202, 
        230, 225, 233, 238, 231, 224, 232, 239, 229, 226, 234, 237, 228, 227, 235, 236, 242, 253, 243, 252, 241, 254, 240, 255, 245, 250, 244, 251, 246, 249, 247, 248, 
        084, 083, 091, 092, 085, 082, 090, 093, 087, 080, 088, 095, 086, 081, 089, 094, 078, 077, 073, 074, 065, 066, 070, 069, 079, 076, 072, 075, 064, 067, 071, 068, 
        100, 099, 107, 108, 101, 098, 106, 109, 103, 096, 104, 111, 102, 097, 105, 110, 124, 125, 127, 126, 123, 122, 120, 121, 115, 114, 112, 113, 116, 117, 119, 118, 
        042, 045, 037, 034, 043, 044, 036, 035, 041, 046, 038, 033, 040, 047, 039, 032, 062, 061, 057, 058, 049, 050, 054, 053, 063, 060, 056, 059, 048, 051, 055, 052, 
        026, 029, 021, 018, 027, 028, 020, 019, 025, 030, 022, 017, 024, 031, 023, 016, 010, 005, 011, 004, 009, 006, 008, 007, 013, 002, 012, 003, 014, 001, 015, 000, 
    ],
    [
        104, 103, 105, 102, 107, 100, 106, 101, 111, 096, 110, 097, 108, 099, 109, 098, 088, 087, 089, 086, 091, 084, 090, 085, 095, 080, 094, 081, 092, 083, 093, 082, 
        022, 025, 023, 024, 021, 026, 020, 027, 017, 030, 016, 031, 018, 029, 019, 028, 038, 041, 039, 040, 037, 042, 036, 043, 033, 046, 032, 047, 034, 045, 035, 044, 
        148, 155, 149, 154, 151, 152, 150, 153, 147, 156, 146, 157, 144, 159, 145, 158, 164, 171, 165, 170, 167, 168, 166, 169, 163, 172, 162, 173, 160, 175, 161, 174, 
        234, 229, 235, 228, 233, 230, 232, 231, 237, 226, 236, 227, 238, 225, 239, 224, 218, 213, 219, 212, 217, 214, 216, 215, 221, 210, 220, 211, 222, 209, 223, 208, 
        112, 115, 119, 116, 127, 124, 120, 123, 113, 114, 118, 117, 126, 125, 121, 122, 072, 079, 071, 064, 073, 078, 070, 065, 075, 076, 068, 067, 074, 077, 069, 066, 
        012, 013, 015, 014, 011, 010, 008, 009, 003, 002, 000, 001, 004, 005, 007, 006, 056, 063, 055, 048, 057, 062, 054, 049, 059, 060, 052, 051, 058, 061, 053, 050, 
        128, 131, 135, 132, 143, 140, 136, 139, 129, 130, 134, 133, 142, 141, 137, 138, 182, 177, 185, 190, 183, 176, 184, 191, 181, 178, 186, 189, 180, 179, 187, 188, 
        244, 245, 247, 246, 243, 242, 240, 241, 251, 250, 248, 249, 252, 253, 255, 254, 198, 193, 201, 206, 199, 192, 200, 207, 197, 194, 202, 205, 196, 195, 203, 204, 
    ],
    [
        204, 195, 205, 194, 207, 192, 206, 193, 203, 196, 202, 197, 200, 199, 201, 198, 188, 179, 189, 178, 191, 176, 190, 177, 187, 180, 186, 181, 184, 183, 185, 182, 
        050, 061, 051, 060, 049, 062, 048, 063, 053, 058, 052, 059, 054, 057, 055, 056, 066, 077, 067, 076, 065, 078, 064, 079, 069, 074, 068, 075, 070, 073, 071, 072, 
        208, 209, 211, 210, 215, 214, 212, 213, 223, 222, 220, 221, 216, 217, 219, 218, 174, 175, 173, 172, 169, 168, 170, 171, 161, 160, 162, 163, 166, 167, 165, 164, 
        044, 045, 047, 046, 043, 042, 040, 041, 035, 034, 032, 033, 036, 037, 039, 038, 082, 083, 081, 080, 085, 084, 086, 087, 093, 092, 094, 095, 090, 091, 089, 088, 
        254, 253, 249, 250, 241, 242, 246, 245, 255, 252, 248, 251, 240, 243, 247, 244, 138, 141, 133, 130, 139, 140, 132, 131, 137, 142, 134, 129, 136, 143, 135, 128, 
        006, 005, 001, 002, 009, 010, 014, 013, 007, 004, 000, 003, 008, 011, 015, 012, 122, 125, 117, 114, 123, 124, 116, 115, 121, 126, 118, 113, 120, 127, 119, 112, 
        224, 225, 227, 226, 231, 230, 228, 229, 239, 238, 236, 237, 232, 233, 235, 234, 158, 159, 157, 156, 153, 152, 154, 155, 145, 144, 146, 147, 150, 151, 149, 148, 
        028, 029, 031, 030, 027, 026, 024, 025, 019, 018, 016, 017, 020, 021, 023, 022, 098, 099, 097, 096, 101, 100, 102, 103, 109, 108, 110, 111, 106, 107, 105, 104, 
    ],
    [
        104, 107, 111, 108, 103, 100, 096, 099, 105, 106, 110, 109, 102, 101, 097, 098, 148, 151, 147, 144, 155, 152, 156, 159, 149, 150, 146, 145, 154, 153, 157, 158, 
        112, 127, 113, 126, 115, 124, 114, 125, 119, 120, 118, 121, 116, 123, 117, 122, 128, 143, 129, 142, 131, 140, 130, 141, 135, 136, 134, 137, 132, 139, 133, 138, 
        088, 091, 095, 092, 087, 084, 080, 083, 089, 090, 094, 093, 086, 085, 081, 082, 164, 167, 163, 160, 171, 168, 172, 175, 165, 166, 162, 161, 170, 169, 173, 174, 
        072, 073, 075, 074, 079, 078, 076, 077, 071, 070, 068, 069, 064, 065, 067, 066, 182, 183, 181, 180, 177, 176, 178, 179, 185, 184, 186, 187, 190, 191, 189, 188, 
        022, 021, 017, 018, 025, 026, 030, 029, 023, 020, 016, 019, 024, 027, 031, 028, 234, 233, 237, 238, 229, 230, 226, 225, 235, 232, 236, 239, 228, 231, 227, 224, 
        012, 011, 003, 004, 013, 010, 002, 005, 015, 008, 000, 007, 014, 009, 001, 006, 244, 243, 251, 252, 245, 242, 250, 253, 247, 240, 248, 255, 246, 241, 249, 254, 
        038, 037, 033, 034, 041, 042, 046, 045, 039, 036, 032, 035, 040, 043, 047, 044, 218, 217, 221, 222, 213, 214, 210, 209, 219, 216, 220, 223, 212, 215, 211, 208, 
        056, 057, 059, 058, 063, 062, 060, 061, 055, 054, 052, 053, 048, 049, 051, 050, 198, 199, 197, 196, 193, 192, 194, 195, 201, 200, 202, 203, 206, 207, 205, 204, 
    ],
    [
        204, 207, 203, 200, 195, 192, 196, 199, 205, 206, 202, 201, 194, 193, 197, 198, 208, 215, 223, 216, 209, 214, 222, 217, 211, 212, 220, 219, 210, 213, 221, 218, 
        254, 241, 255, 240, 253, 242, 252, 243, 249, 246, 248, 247, 250, 245, 251, 244, 224, 231, 239, 232, 225, 230, 238, 233, 227, 228, 236, 235, 226, 229, 237, 234, 
        188, 191, 187, 184, 179, 176, 180, 183, 189, 190, 186, 185, 178, 177, 181, 182, 174, 169, 161, 166, 175, 168, 160, 167, 173, 170, 162, 165, 172, 171, 163, 164, 
        138, 139, 137, 136, 141, 140, 142, 143, 133, 132, 134, 135, 130, 131, 129, 128, 158, 153, 145, 150, 159, 152, 144, 151, 157, 154, 146, 149, 156, 155, 147, 148, 
        050, 049, 053, 054, 061, 062, 058, 057, 051, 048, 052, 055, 060, 063, 059, 056, 044, 043, 035, 036, 045, 042, 034, 037, 047, 040, 032, 039, 046, 041, 033, 038, 
        006, 009, 007, 008, 005, 010, 004, 011, 001, 014, 000, 015, 002, 013, 003, 012, 028, 027, 019, 020, 029, 026, 018, 021, 031, 024, 016, 023, 030, 025, 017, 022, 
        066, 065, 069, 070, 077, 078, 074, 073, 067, 064, 068, 071, 076, 079, 075, 072, 082, 085, 093, 090, 083, 084, 092, 091, 081, 086, 094, 089, 080, 087, 095, 088, 
        122, 123, 121, 120, 125, 124, 126, 127, 117, 116, 118, 119, 114, 115, 113, 112, 098, 101, 109, 106, 099, 100, 108, 107, 097, 102, 110, 105, 096, 103, 111, 104, 
    ],
    [
        040, 039, 041, 038, 043, 036, 042, 037, 047, 032, 046, 033, 044, 035, 045, 034, 024, 023, 025, 022, 027, 020, 026, 021, 031, 016, 030, 017, 028, 019, 029, 018, 
        086, 089, 087, 088, 085, 090, 084, 091, 081, 094, 080, 095, 082, 093, 083, 092, 102, 105, 103, 104, 101, 106, 100, 107, 097, 110, 096, 111, 098, 109, 099, 108, 
        212, 219, 213, 218, 215, 216, 214, 217, 211, 220, 210, 221, 208, 223, 209, 222, 228, 235, 229, 234, 231, 232, 230, 233, 227, 236, 226, 237, 224, 239, 225, 238, 
        170, 165, 171, 164, 169, 166, 168, 167, 173, 162, 172, 163, 174, 161, 175, 160, 154, 149, 155, 148, 153, 150, 152, 151, 157, 146, 156, 147, 158, 145, 159, 144, 
        048, 055, 063, 056, 049, 054, 062, 057, 051, 052, 060, 059, 050, 053, 061, 058, 014, 015, 013, 012, 009, 008, 010, 011, 001, 000, 002, 003, 006, 007, 005, 004, 
        064, 071, 079, 072, 065, 070, 078, 073, 067, 068, 076, 075, 066, 069, 077, 074, 116, 119, 115, 112, 123, 120, 124, 127, 117, 118, 114, 113, 122, 121, 125, 126, 
        206, 201, 193, 198, 207, 200, 192, 199, 205, 202, 194, 197, 204, 203, 195, 196, 246, 247, 245, 244, 241, 240, 242, 243, 249, 248, 250, 251, 254, 255, 253, 252, 
        190, 185, 177, 182, 191, 184, 176, 183, 189, 186, 178, 181, 188, 187, 179, 180, 132, 135, 131, 128, 139, 136, 140, 143, 133, 134, 130, 129, 138, 137, 141, 142, 
    ],
    [
        076, 067, 077, 066, 079, 064, 078, 065, 075, 068, 074, 069, 072, 071, 073, 070, 060, 051, 061, 050, 063, 048, 062, 049, 059, 052, 058, 053, 056, 055, 057, 054, 
        178, 189, 179, 188, 177, 190, 176, 191, 181, 186, 180, 187, 182, 185, 183, 184, 194, 205, 195, 204, 193, 206, 192, 207, 197, 202, 196, 203, 198, 201, 199, 200, 
        080, 081, 083, 082, 087, 086, 084, 085, 095, 094, 092, 093, 088, 089, 091, 090, 046, 047, 045, 044, 041, 040, 042, 043, 033, 032, 034, 035, 038, 039, 037, 036, 
        172, 173, 175, 174, 171, 170, 168, 169, 163, 162, 160, 161, 164, 165, 167, 166, 210, 211, 209, 208, 213, 212, 214, 215, 221, 220, 222, 223, 218, 219, 217, 216, 
        114, 117, 125, 122, 115, 116, 124, 123, 113, 118, 126, 121, 112, 119, 127, 120, 002, 001, 005, 006, 013, 014, 010, 009, 003, 000, 004, 007, 012, 015, 011, 008, 
        130, 133, 141, 138, 131, 132, 140, 139, 129, 134, 142, 137, 128, 135, 143, 136, 250, 249, 253, 254, 245, 246, 242, 241, 251, 248, 252, 255, 244, 247, 243, 240, 
        096, 097, 099, 098, 103, 102, 100, 101, 111, 110, 108, 109, 104, 105, 107, 106, 030, 031, 029, 028, 025, 024, 026, 027, 017, 016, 018, 019, 022, 023, 021, 020, 
        156, 157, 159, 158, 155, 154, 152, 153, 147, 146, 144, 145, 148, 149, 151, 150, 226, 227, 225, 224, 229, 228, 230, 231, 237, 236, 238, 239, 234, 235, 233, 232, 
    ],
    [
        142, 129, 143, 128, 141, 130, 140, 131, 137, 134, 136, 135, 138, 133, 139, 132, 126, 113, 127, 112, 125, 114, 124, 115, 121, 118, 120, 119, 122, 117, 123, 116, 
        144, 147, 151, 148, 159, 156, 152, 155, 145, 146, 150, 149, 158, 157, 153, 154, 108, 111, 107, 104, 099, 096, 100, 103, 109, 110, 106, 105, 098, 097, 101, 102, 
        180, 181, 183, 182, 179, 178, 176, 177, 187, 186, 184, 185, 188, 189, 191, 190, 074, 075, 073, 072, 077, 076, 078, 079, 069, 068, 070, 071, 066, 067, 065, 064, 
        160, 163, 167, 164, 175, 172, 168, 171, 161, 162, 166, 165, 174, 173, 169, 170, 092, 095, 091, 088, 083, 080, 084, 087, 093, 094, 090, 089, 082, 081, 085, 086, 
        252, 251, 243, 244, 253, 250, 242, 245, 255, 248, 240, 247, 254, 249, 241, 246, 004, 003, 011, 012, 005, 002, 010, 013, 007, 000, 008, 015, 006, 001, 009, 014, 
        238, 237, 233, 234, 225, 226, 230, 229, 239, 236, 232, 235, 224, 227, 231, 228, 018, 017, 021, 022, 029, 030, 026, 025, 019, 016, 020, 023, 028, 031, 027, 024, 
        196, 197, 199, 198, 195, 194, 192, 193, 203, 202, 200, 201, 204, 205, 207, 206, 058, 059, 057, 056, 061, 060, 062, 063, 053, 052, 054, 055, 050, 051, 049, 048, 
        222, 221, 217, 218, 209, 210, 214, 213, 223, 220, 216, 219, 208, 211, 215, 212, 034, 033, 037, 038, 045, 046, 042, 041, 035, 032, 036, 039, 044, 047, 043, 040, 
    ],
    [
        232, 239, 231, 224, 233, 238, 230, 225, 235, 236, 228, 227, 234, 237, 229, 226, 240, 255, 241, 254, 243, 252, 242, 253, 247, 248, 246, 249, 244, 251, 245, 250, 
        216, 223, 215, 208, 217, 222, 214, 209, 219, 220, 212, 211, 218, 221, 213, 210, 200, 203, 207, 204, 199, 196, 192, 195, 201, 202, 206, 205, 198, 197, 193, 194, 
        150, 145, 153, 158, 151, 144, 152, 159, 149, 146, 154, 157, 148, 147, 155, 156, 136, 137, 139, 138, 143, 142, 140, 141, 135, 134, 132, 133, 128, 129, 131, 130, 
        166, 161, 169, 174, 167, 160, 168, 175, 165, 162, 170, 173, 164, 163, 171, 172, 184, 187, 191, 188, 183, 180, 176, 179, 185, 186, 190, 189, 182, 181, 177, 178, 
        020, 019, 027, 028, 021, 018, 026, 029, 023, 016, 024, 031, 022, 017, 025, 030, 008, 007, 009, 006, 011, 004, 010, 005, 015, 000, 014, 001, 012, 003, 013, 002, 
        036, 035, 043, 044, 037, 034, 042, 045, 039, 032, 040, 047, 038, 033, 041, 046, 054, 053, 049, 050, 057, 058, 062, 061, 055, 052, 048, 051, 056, 059, 063, 060, 
        106, 109, 101, 098, 107, 108, 100, 099, 105, 110, 102, 097, 104, 111, 103, 096, 120, 121, 123, 122, 127, 126, 124, 125, 119, 118, 116, 117, 112, 113, 115, 114, 
        090, 093, 085, 082, 091, 092, 084, 083, 089, 094, 086, 081, 088, 095, 087, 080, 070, 069, 065, 066, 073, 074, 078, 077, 071, 068, 064, 067, 072, 075, 079, 076, 
    ],
]
