[
    [
        000, 001, 003, 002, 008, 010, 011, 009, 012, 014, 015, 013, 007, 006, 004, 005, 016, 018, 019, 017, 020, 021, 023, 022, 028, 029, 031, 030, 027, 025, 024, 026, 
        048, 050, 051, 049, 052, 053, 055, 054, 060, 061, 063, 062, 059, 057, 056, 058, 047, 046, 044, 045, 039, 037, 036, 038, 035, 033, 032, 034, 040, 041, 043, 042, 
        128, 130, 131, 129, 132, 133, 135, 134, 140, 141, 143, 142, 139, 137, 136, 138, 160, 161, 163, 162, 168, 170, 171, 169, 172, 174, 175, 173, 167, 166, 164, 165, 
        176, 177, 179, 178, 184, 186, 187, 185, 188, 190, 191, 189, 183, 182, 180, 181, 159, 157, 156, 158, 155, 154, 152, 153, 147, 146, 144, 145, 148, 150, 151, 149, 
        192, 194, 195, 193, 196, 197, 199, 198, 204, 205, 207, 206, 203, 201, 200, 202, 224, 225, 227, 226, 232, 234, 235, 233, 236, 238, 239, 237, 231, 230, 228, 229, 
        240, 241, 243, 242, 248, 250, 251, 249, 252, 254, 255, 253, 247, 246, 244, 245, 223, 221, 220, 222, 219, 218, 216, 217, 211, 210, 208, 209, 212, 214, 215, 213, 
        127, 126, 124, 125, 119, 117, 116, 118, 115, 113, 112, 114, 120, 121, 123, 122, 111, 109, 108, 110, 107, 106, 104, 105, 099, 098, 096, 097, 100, 102, 103, 101, 
        079, 077, 076, 078, 075, 074, 072, 073, 067, 066, 064, 065, 068, 070, 071, 069, 080, 081, 083, 082, 088, 090, 091, 089, 092, 094, 095, 093, 087, 086, 084, 085, 
    ],
    [
        000, 002, 003, 001, 004, 005, 007, 006, 012, 013, 015, 014, 011, 009, 008, 010, 032, 033, 035, 034, 040, 042, 043, 041, 044, 046, 047, 045, 039, 038, 036, 037, 
        048, 049, 051, 050, 056, 058, 059, 057, 060, 062, 063, 061, 055, 054, 052, 053, 031, 029, 028, 030, 027, 026, 024, 025, 019, 018, 016, 017, 020, 022, 023, 021, 
        064, 065, 067, 066, 072, 074, 075, 073, 076, 078, 079, 077, 071, 070, 068, 069, 080, 082, 083, 081, 084, 085, 087, 086, 092, 093, 095, 094, 091, 089, 088, 090, 
        112, 114, 115, 113, 116, 117, 119, 118, 124, 125, 127, 126, 123, 121, 120, 122, 111, 110, 108, 109, 103, 101, 100, 102, 099, 097, 096, 098, 104, 105, 107, 106, 
        192, 193, 195, 194, 200, 202, 203, 201, 204, 206, 207, 205, 199, 198, 196, 197, 208, 210, 211, 209, 212, 213, 215, 214, 220, 221, 223, 222, 219, 217, 216, 218, 
        240, 242, 243, 241, 244, 245, 247, 246, 252, 253, 255, 254, 251, 249, 248, 250, 239, 238, 236, 237, 231, 229, 228, 230, 227, 225, 224, 226, 232, 233, 235, 234, 
        191, 189, 188, 190, 187, 186, 184, 185, 179, 178, 176, 177, 180, 182, 183, 181, 159, 158, 156, 157, 151, 149, 148, 150, 147, 145, 144, 146, 152, 153, 155, 154, 
        143, 142, 140, 141, 135, 133, 132, 134, 131, 129, 128, 130, 136, 137, 139, 138, 160, 162, 163, 161, 164, 165, 167, 166, 172, 173, 175, 174, 171, 169, 168, 170, 
    ],
    [
        255, 254, 252, 253, 247, 245, 244, 246, 243, 241, 240, 242, 248, 249, 251, 250, 239, 237, 236, 238, 235, 234, 232, 233, 227, 226, 224, 225, 228, 230, 231, 229, 
        207, 205, 204, 206, 203, 202, 200, 201, 195, 194, 192, 193, 196, 198, 199, 197, 208, 209, 211, 210, 216, 218, 219, 217, 220, 222, 223, 221, 215, 214, 212, 213, 
        127, 125, 124, 126, 123, 122, 120, 121, 115, 114, 112, 113, 116, 118, 119, 117, 095, 094, 092, 093, 087, 085, 084, 086, 083, 081, 080, 082, 088, 089, 091, 090, 
        079, 078, 076, 077, 071, 069, 068, 070, 067, 065, 064, 066, 072, 073, 075, 074, 096, 098, 099, 097, 100, 101, 103, 102, 108, 109, 111, 110, 107, 105, 104, 106, 
        063, 061, 060, 062, 059, 058, 056, 057, 051, 050, 048, 049, 052, 054, 055, 053, 031, 030, 028, 029, 023, 021, 020, 022, 019, 017, 016, 018, 024, 025, 027, 026, 
        015, 014, 012, 013, 007, 005, 004, 006, 003, 001, 000, 002, 008, 009, 011, 010, 032, 034, 035, 033, 036, 037, 039, 038, 044, 045, 047, 046, 043, 041, 040, 042, 
        128, 129, 131, 130, 136, 138, 139, 137, 140, 142, 143, 141, 135, 134, 132, 133, 144, 146, 147, 145, 148, 149, 151, 150, 156, 157, 159, 158, 155, 153, 152, 154, 
        176, 178, 179, 177, 180, 181, 183, 182, 188, 189, 191, 190, 187, 185, 184, 186, 175, 174, 172, 173, 167, 165, 164, 166, 163, 161, 160, 162, 168, 169, 171, 170, 
    ],
    [
        255, 253, 252, 254, 251, 250, 248, 249, 243, 242, 240, 241, 244, 246, 247, 245, 223, 222, 220, 221, 215, 213, 212, 214, 211, 209, 208, 210, 216, 217, 219, 218, 
        207, 206, 204, 205, 199, 197, 196, 198, 195, 193, 192, 194, 200, 201, 203, 202, 224, 226, 227, 225, 228, 229, 231, 230, 236, 237, 239, 238, 235, 233, 232, 234, 
        191, 190, 188, 189, 183, 181, 180, 182, 179, 177, 176, 178, 184, 185, 187, 186, 175, 173, 172, 174, 171, 170, 168, 169, 163, 162, 160, 161, 164, 166, 167, 165, 
        143, 141, 140, 142, 139, 138, 136, 137, 131, 130, 128, 129, 132, 134, 135, 133, 144, 145, 147, 146, 152, 154, 155, 153, 156, 158, 159, 157, 151, 150, 148, 149, 
        063, 062, 060, 061, 055, 053, 052, 054, 051, 049, 048, 050, 056, 057, 059, 058, 047, 045, 044, 046, 043, 042, 040, 041, 035, 034, 032, 033, 036, 038, 039, 037, 
        015, 013, 012, 014, 011, 010, 008, 009, 003, 002, 000, 001, 004, 006, 007, 005, 016, 017, 019, 018, 024, 026, 027, 025, 028, 030, 031, 029, 023, 022, 020, 021, 
        064, 066, 067, 065, 068, 069, 071, 070, 076, 077, 079, 078, 075, 073, 072, 074, 096, 097, 099, 098, 104, 106, 107, 105, 108, 110, 111, 109, 103, 102, 100, 101, 
        112, 113, 115, 114, 120, 122, 123, 121, 124, 126, 127, 125, 119, 118, 116, 117, 095, 093, 092, 094, 091, 090, 088, 089, 083, 082, 080, 081, 084, 086, 087, 085, 
    ],
]
